@4400
00 00 00 00 00 00 00 00 00 00 00 00 00 00 00 00 
00 00 00 00 00 00 00 00 00 00 00 00 00 00 00 00 
00 00 00 00 00 00 00 00 00 00 00 00 00 00 00 00 
00 00 00 00 00 00 00 00 00 00 00 00 00 00 00 00 
00 00 00 00 00 00 00 00 00 00 00 00 00 00 00 00 
00 00 00 00 00 00 00 00 00 00 00 00 00 00 00 00 
00 00 00 00 00 00 00 00 00 00 00 00 00 00 00 00 
00 00 00 00 00 00 00 00 00 00 00 00 00 00 00 00 
00 00 00 00 00 00 00 00 00 00 00 00 00 00 00 00 
00 00 00 00 00 00 00 00 00 00 00 00 00 00 00 00 
00 00 00 00 00 00 00 00 00 00 00 00 00 00 00 00 
00 00 00 00 00 00 00 00 00 00 00 00 00 00 00 00 
00 00 00 00 00 00 00 00 00 00 00 00 00 00 00 00 
00 00 00 00 00 00 00 00 00 00 00 00 00 00 00 00 
00 00 00 00 00 00 00 00 00 00 00 00 00 00 00 00 
00 00 00 00 00 00 00 00 00 00 00 00 00 00 00 00 
00 00 00 00 00 00 00 00 00 00 00 00 00 00 00 00 
00 00 00 00 00 00 00 00 00 00 00 00 00 00 00 00 
00 00 00 00 00 00 00 00 00 00 00 00 00 00 00 00 
00 00 00 00 00 00 00 00 00 00 00 00 00 00 00 00 
00 00 00 00 00 00 00 00 00 00 00 00 00 00 00 00 
00 00 00 00 00 00 00 00 00 00 00 00 00 00 00 00 
00 00 00 00 00 00 00 00 00 00 00 00 00 00 00 00 
00 00 00 00 00 00 00 00 00 00 00 00 00 00 00 00 
00 00 00 00 00 00 00 00 00 00 00 00 00 00 00 00 
00 00 00 00 00 00 00 00 00 00 00 00 00 00 00 00 
00 00 00 00 00 00 00 00 00 00 00 00 00 00 00 00 
00 00 00 00 00 00 00 00 00 00 00 00 00 00 00 00 
00 00 00 00 00 00 00 00 00 00 00 00 00 00 00 00 
00 00 00 00 00 00 00 00 00 00 00 00 00 00 00 00 
00 00 00 00 00 00 00 00 00 00 00 00 00 00 00 00 
00 00 00 00 00 00 00 00 00 00 00 00 00 00 00 00 
00 00 00 00 00 00 00 00 00 00 00 00 00 00 00 00 
00 00 00 00 00 00 00 00 00 00 00 00 00 00 00 00 
00 00 00 00 00 00 00 00 00 00 00 00 00 00 00 00 
00 00 00 00 00 00 00 00 00 00 00 00 00 00 00 00 
00 00 00 00 00 00 00 00 00 00 00 00 00 00 00 00 
00 00 00 00 00 00 00 00 00 00 00 00 00 00 00 00 
00 00 00 00 00 00 00 00 00 00 00 00 00 00 00 00 
00 00 00 00 00 00 00 00 00 00 00 00 00 00 00 00 
00 00 00 00 00 00 00 00 00 00 00 00 00 00 00 00 
00 00 00 00 00 00 00 00 00 00 00 00 00 00 00 00 
00 00 00 00 00 00 00 00 00 00 00 00 00 00 00 00 
00 00 00 00 00 00 00 00 00 00 00 00 00 00 00 00 
00 00 00 00 00 00 00 00 00 00 00 00 00 00 00 00 
00 00 00 00 00 00 00 00 00 00 00 00 00 00 00 00 
00 00 00 00 00 00 00 00 00 00 00 00 00 00 00 00 
00 00 00 00 00 00 00 00 00 00 00 00 00 00 00 00 
00 00 00 00 00 00 00 00 00 00 00 00 00 00 00 00 
00 00 00 00 00 00 00 00 00 00 00 00 00 00 00 00 
00 00 00 00 00 00 00 00 00 00 00 00 00 00 00 00 
00 00 00 00 00 00 00 00 00 00 00 00 00 00 00 00 
00 00 00 00 00 00 00 00 00 00 00 00 00 00 00 00 
00 00 00 00 00 00 00 00 00 00 00 00 00 00 00 00 
00 00 00 00 00 00 00 00 00 00 00 00 00 00 00 00 
00 00 00 00 00 00 00 00 00 00 00 00 00 00 00 00 
00 00 00 00 00 00 00 00 00 00 00 00 00 00 00 00 
00 00 00 00 00 00 00 00 00 00 00 00 00 00 00 00 
00 00 00 00 00 00 00 00 00 00 00 00 00 00 00 00 
00 00 00 00 00 00 00 00 00 00 00 00 00 00 00 00 
00 00 00 00 00 00 00 00 00 00 00 00 00 00 00 00 
00 00 00 00 00 00 00 00 00 00 00 00 00 00 00 00 
00 00 00 00 00 00 00 00 00 00 00 00 00 00 00 00 
00 00 00 00 00 00 00 00 00 00 00 00 00 00 00 00 
00 00 00 00 00 00 00 00 00 00 00 00 00 00 00 00 
00 00 00 00 00 00 00 00 00 00 00 00 00 00 00 00 
00 00 00 00 00 00 00 00 00 00 00 00 00 00 00 00 
00 00 00 00 00 00 00 00 00 00 00 00 00 00 00 00 
00 00 00 00 00 00 00 00 00 00 00 00 00 00 00 00 
00 00 00 00 00 00 00 00 00 00 00 00 00 00 00 00 
00 00 00 00 00 00 00 00 00 00 00 00 00 00 00 00 
00 00 00 00 00 00 00 00 00 00 00 00 00 00 00 00 
00 00 00 00 00 00 00 00 00 00 00 00 00 00 00 00 
00 00 00 00 00 00 00 00 00 00 00 00 00 00 00 00 
00 00 00 00 00 00 00 00 00 00 00 00 00 00 00 00 
00 00 00 00 00 00 00 00 00 00 00 00 00 00 00 00 
00 00 00 00 00 00 00 00 00 00 00 00 00 00 00 00 
00 00 00 00 00 00 00 00 00 00 00 00 00 00 00 00 
00 00 00 00 00 00 00 00 00 00 00 00 00 00 00 00 
00 00 00 00 00 00 00 00 00 00 00 00 00 00 00 00 
00 00 00 00 00 00 00 00 00 00 00 00 00 00 00 00 
00 00 00 00 00 00 00 00 00 00 00 00 00 00 00 00 
00 00 00 00 00 00 00 00 00 00 00 00 00 00 00 00 
00 00 00 00 00 00 00 00 00 00 00 00 00 00 00 00 
00 00 00 00 00 00 00 00 00 00 00 00 00 00 00 00 
00 00 00 00 00 00 00 00 00 00 00 00 00 00 00 00 
00 00 00 00 00 00 00 00 00 00 00 00 00 00 00 00 
00 00 00 00 00 00 00 00 00 00 00 00 00 00 00 00 
00 00 00 00 00 00 00 00 00 00 00 00 00 00 00 00 
00 00 00 00 00 00 00 00 00 00 00 00 00 00 00 00 
00 00 00 00 00 00 00 00 00 00 00 00 00 00 00 00 
00 00 00 00 00 00 00 00 00 00 00 00 00 00 00 00 
00 00 00 00 00 00 00 00 00 00 00 00 00 00 00 00 
00 00 00 00 00 00 00 00 00 00 00 00 00 00 00 00 
00 00 00 00 00 00 00 00 00 00 00 00 00 00 00 00 
00 00 00 00 00 00 00 00 00 00 00 00 00 00 00 00 
00 00 00 00 00 00 00 00 00 00 00 00 00 00 00 00 
00 00 00 00 00 00 00 00 00 00 00 00 00 00 00 00 
00 00 00 00 00 00 00 00 00 00 00 00 00 00 00 00 
00 00 00 00 00 00 00 00 00 00 00 00 00 00 00 00 
00 00 00 00 00 00 00 00 00 00 00 00 00 00 00 00 
00 00 00 00 00 00 00 00 00 00 00 00 00 00 00 00 
00 00 00 00 00 00 00 00 00 00 00 00 00 00 00 00 
00 00 00 00 00 00 00 00 00 00 00 00 00 00 00 00 
00 00 00 00 00 00 00 00 00 00 00 00 00 00 00 00 
00 00 00 00 00 00 00 00 00 00 00 00 00 00 00 00 
00 00 00 00 00 00 00 00 00 00 00 00 00 00 00 00 
00 00 00 00 00 00 00 00 00 00 00 00 00 00 00 00 
00 00 00 00 00 00 00 00 00 00 00 00 00 00 00 00 
00 00 00 00 00 00 00 00 00 00 00 00 00 00 00 00 
00 00 00 00 00 00 00 00 00 00 00 00 00 00 00 00 
00 00 00 00 00 00 00 00 00 00 00 00 00 00 00 00 
00 00 00 00 00 00 00 00 00 00 00 00 00 00 00 00 
00 00 00 00 00 00 00 00 00 00 00 00 00 00 00 00 
00 00 00 00 00 00 00 00 00 00 00 00 00 00 00 00 
00 00 00 00 00 00 00 00 00 00 00 00 00 00 00 00 
00 00 00 00 00 00 00 00 00 00 00 00 00 00 00 00 
00 00 00 00 00 00 00 00 00 00 00 00 00 00 00 00 
00 00 00 00 00 00 00 00 00 00 00 00 00 00 00 00 
00 00 00 00 00 00 00 00 00 00 00 00 00 00 00 00 
00 00 00 00 00 00 00 00 00 00 00 00 00 00 00 00 
00 00 00 00 00 00 00 00 00 00 00 00 00 00 00 00 
00 00 00 00 00 00 00 00 00 00 00 00 00 00 00 00 
00 00 00 00 00 00 00 00 00 00 00 00 00 00 00 00 
00 00 00 00 00 00 00 00 00 00 00 00 00 00 00 00 
00 00 00 00 00 00 00 00 00 00 00 00 00 00 00 00 
00 00 00 00 00 00 00 00 00 00 00 00 00 00 00 00 
00 00 00 00 00 00 00 00 00 00 00 00 00 00 00 00 
00 00 00 00 00 00 00 00 00 00 00 00 00 00 00 00 
00 00 00 00 00 00 00 00 00 00 00 00 00 00 00 00 
00 00 00 00 00 00 00 00 00 00 00 00 00 00 00 00 
00 00 00 00 00 00 00 00 00 00 00 00 00 00 00 00 
00 00 00 00 00 00 00 00 00 00 00 00 00 00 00 00 
00 00 00 00 00 00 00 00 00 00 00 00 00 00 00 00 
00 00 00 00 00 00 00 00 00 00 00 00 00 00 00 00 
00 00 00 00 00 00 00 00 00 00 00 00 00 00 00 00 
00 00 00 00 00 00 00 00 00 00 00 00 00 00 00 00 
00 00 00 00 00 00 00 00 00 00 00 00 00 00 00 00 
00 00 00 00 00 00 00 00 00 00 00 00 00 00 00 00 
00 00 00 00 00 00 00 00 00 00 00 00 00 00 00 00 
00 00 00 00 00 00 00 00 00 00 00 00 00 00 00 00 
00 00 00 00 00 00 00 00 00 00 00 00 00 00 00 00 
00 00 00 00 00 00 00 00 00 00 00 00 00 00 00 00 
00 00 00 00 00 00 00 00 00 00 00 00 00 00 00 00 
00 00 00 00 00 00 00 00 00 00 00 00 00 00 00 00 
00 00 00 00 00 00 00 00 00 00 00 00 00 00 00 00 
00 00 00 00 00 00 00 00 00 00 00 00 00 00 00 00 
00 00 00 00 00 00 00 00 00 00 00 00 00 00 00 00 
00 00 00 00 00 00 00 00 00 00 00 00 00 00 00 00 
00 00 00 00 00 00 00 00 00 00 00 00 00 00 00 00 
00 00 00 00 00 00 00 00 00 00 00 00 00 00 00 00 
00 00 00 00 00 00 00 00 00 00 00 00 00 00 00 00 
00 00 00 00 00 00 00 00 00 00 00 00 00 00 00 00 
00 00 00 00 00 00 00 00 00 00 00 00 00 00 00 00 
00 00 00 00 00 00 00 00 00 00 00 00 00 00 00 00 
00 00 00 00 00 00 00 00 00 00 00 00 00 00 00 00 
00 00 00 00 00 00 00 00 00 00 00 00 00 00 00 00 
00 00 00 00 00 00 00 00 00 00 00 00 00 00 00 00 
00 00 00 00 00 00 00 00 00 00 00 00 00 00 00 00 
00 00 00 00 00 00 00 00 00 00 00 00 00 00 00 00 
00 00 00 00 00 00 00 00 00 00 00 00 00 00 00 00 
00 00 00 00 00 00 00 00 00 00 00 00 00 00 00 00 
00 00 00 00 00 00 00 00 00 00 00 00 00 00 00 00 
00 00 00 00 00 00 00 00 00 00 00 00 00 00 00 00 
00 00 00 00 00 00 00 00 00 00 00 00 00 00 00 00 
00 00 00 00 00 00 00 00 00 00 00 00 00 00 00 00 
00 00 00 00 00 00 00 00 00 00 00 00 00 00 00 00 
00 00 00 00 00 00 00 00 00 00 00 00 00 00 00 00 
00 00 00 00 00 00 00 00 00 00 00 00 00 00 00 00 
00 00 00 00 00 00 00 00 00 00 00 00 00 00 00 00 
00 00 00 00 00 00 00 00 00 00 00 00 00 00 00 00 
00 00 00 00 00 00 00 00 00 00 00 00 00 00 00 00 
00 00 00 00 00 00 00 00 00 00 00 00 00 00 00 00 
00 00 00 00 00 00 00 00 00 00 00 00 00 00 00 00 
00 00 00 00 00 00 00 00 00 00 00 00 00 00 00 00 
00 00 00 00 00 00 00 00 00 00 00 00 00 00 00 00 
00 00 00 00 00 00 00 00 00 00 00 00 00 00 00 00 
00 00 00 00 00 00 00 00 00 00 00 00 00 00 00 00 
00 00 00 00 00 00 00 00 00 00 00 00 00 00 00 00 
00 00 00 00 00 00 00 00 00 00 00 00 00 00 00 00 
00 00 00 00 00 00 00 00 00 00 00 00 00 00 00 00 
00 00 00 00 00 00 00 00 00 00 00 00 00 00 00 00 
00 00 00 00 00 00 00 00 00 00 00 00 00 00 00 00 
00 00 00 00 00 00 00 00 00 00 00 00 00 00 00 00 
00 00 00 00 00 00 00 00 00 00 00 00 00 00 00 00 
00 00 00 00 00 00 00 00 00 00 00 00 00 00 00 00 
00 00 00 00 00 00 00 00 00 00 00 00 00 00 00 00 
00 00 00 00 00 00 00 00 00 00 00 00 00 00 00 00 
00 00 00 00 00 00 00 00 00 00 00 00 00 00 00 00 
00 00 00 00 00 00 00 00 00 00 00 00 00 00 00 00 
00 00 00 00 00 00 00 00 00 00 00 00 00 00 00 00 
00 00 00 00 00 00 00 00 00 00 00 00 00 00 00 00 
00 00 00 00 00 00 00 00 00 00 00 00 00 00 00 00 
00 00 00 00 00 00 00 00 00 00 00 00 00 00 00 00 
00 00 00 00 00 00 00 00 00 00 00 00 00 00 00 00 
00 00 00 00 00 00 00 00 00 00 00 00 00 00 00 00 
00 00 00 00 00 00 00 00 00 00 00 00 00 00 00 00 
00 00 00 00 00 00 00 00 00 00 00 00 00 00 00 00 
00 00 00 00 00 00 00 00 00 00 00 00 00 00 00 00 
00 00 00 00 00 00 00 00 00 00 00 00 00 00 00 00 
00 00 00 00 00 00 00 00 00 00 00 00 00 00 00 00 
00 00 00 00 00 00 00 00 00 00 00 00 00 00 00 00 
00 00 00 00 00 00 00 00 00 00 00 00 00 00 00 00 
00 00 00 00 00 00 00 00 00 00 00 00 00 00 00 00 
00 00 00 00 00 00 00 00 00 00 00 00 00 00 00 00 
00 00 00 00 00 00 00 00 00 00 00 00 00 00 00 00 
00 00 00 00 00 00 00 00 00 00 00 00 00 00 00 00 
00 00 00 00 00 00 00 00 00 00 00 00 00 00 00 00 
00 00 00 00 00 00 00 00 00 00 00 00 00 00 00 00 
00 00 00 00 00 00 00 00 00 00 00 00 00 00 00 00 
00 00 00 00 00 00 00 00 00 00 00 00 00 00 00 00 
00 00 00 00 00 00 00 00 00 00 00 00 00 00 00 00 
00 00 00 00 00 00 00 00 00 00 00 00 00 00 00 00 
00 00 00 00 00 00 00 00 00 00 00 00 00 00 00 00 
00 00 00 00 00 00 00 00 00 00 00 00 00 00 00 00 
00 00 00 00 00 00 00 00 00 00 00 00 00 00 00 00 
00 00 00 00 00 00 00 00 00 00 00 00 00 00 00 00 
00 00 00 00 00 00 00 00 00 00 00 00 00 00 00 00 
00 00 00 00 00 00 00 00 00 00 00 00 00 00 00 00 
00 00 00 00 00 00 00 00 00 00 00 00 00 00 00 00 
00 00 00 00 00 00 00 00 00 00 00 00 00 00 00 00 
00 00 00 00 00 00 00 00 00 00 00 00 00 00 00 00 
00 00 00 00 00 00 00 00 00 00 00 00 00 00 00 00 
00 00 00 00 00 00 00 00 00 00 00 00 00 00 00 00 
00 00 00 00 00 00 00 00 00 00 00 00 00 00 00 00 
00 00 00 00 00 00 00 00 00 00 00 00 00 00 00 00 
00 00 00 00 00 00 00 00 00 00 00 00 00 00 00 00 
00 00 00 00 00 00 00 00 00 00 00 00 00 00 00 00 
00 00 00 00 00 00 00 00 00 00 00 00 00 00 00 00 
00 00 00 00 00 00 00 00 00 00 00 00 00 00 00 00 
00 00 00 00 00 00 00 00 00 00 00 00 00 00 00 00 
00 00 00 00 00 00 00 00 00 00 00 00 00 00 00 00 
00 00 00 00 00 00 00 00 00 00 00 00 00 00 00 00 
00 00 00 00 00 00 00 00 00 00 00 00 00 00 00 00 
00 00 00 00 00 00 00 00 00 00 00 00 00 00 00 00 
00 00 00 00 00 00 00 00 00 00 00 00 00 00 00 00 
00 00 00 00 00 00 00 00 00 00 00 00 00 00 00 00 
00 00 00 00 00 00 00 00 00 00 00 00 00 00 00 00 
00 00 00 00 00 00 00 00 00 00 00 00 00 00 00 00 
00 00 00 00 00 00 00 00 00 00 00 00 00 00 00 00 
00 00 00 00 00 00 00 00 00 00 00 00 00 00 00 00 
00 00 00 00 00 00 00 00 00 00 00 00 00 00 00 00 
00 00 00 00 00 00 00 00 00 00 00 00 00 00 00 00 
00 00 00 00 00 00 00 00 00 00 00 00 00 00 00 00 
00 00 00 00 00 00 00 00 00 00 00 00 00 00 00 00 
00 00 00 00 00 00 00 00 00 00 00 00 00 00 00 00 
00 00 00 00 00 00 00 00 00 00 00 00 00 00 00 00 
00 00 00 00 00 00 00 00 00 00 00 00 00 00 00 00 
00 00 00 00 00 00 00 00 00 00 00 00 00 00 00 00 
00 00 00 00 00 00 00 00 00 00 00 00 00 00 00 00 
00 00 00 00 00 00 00 00 00 00 00 00 00 00 00 00 
00 00 00 00 00 00 00 00 00 00 00 00 00 00 00 00 
00 00 00 00 00 00 00 00 00 00 00 00 00 00 00 00 
00 00 00 00 00 00 00 00 00 00 00 00 00 00 00 00 
00 00 00 00 00 00 00 00 00 00 00 00 00 00 00 00 
00 00 00 00 00 00 00 00 00 00 00 00 00 00 00 00 
00 00 00 00 00 00 00 00 00 00 00 00 00 00 00 00 
00 00 00 00 00 00 00 00 00 00 00 00 00 00 00 00 
00 00 00 00 00 00 00 00 00 00 00 00 00 00 00 00 
00 00 00 00 00 00 00 00 00 00 00 00 00 00 00 00 
00 00 00 00 00 00 00 00 00 00 00 00 00 00 00 00 
00 00 00 00 00 00 00 00 00 00 00 00 00 00 00 00 
00 00 00 00 00 00 00 00 00 00 00 00 00 00 00 00 
00 00 00 00 00 00 00 00 00 00 00 00 00 00 00 00 
00 00 00 00 00 00 00 00 00 00 00 00 00 00 00 00 
00 00 00 00 00 00 00 00 00 00 00 00 00 00 00 00 
00 00 00 00 00 00 00 00 00 00 00 00 00 00 00 00 
00 00 00 00 00 00 00 00 00 00 00 00 00 00 00 00 
00 00 00 00 00 00 00 00 00 00 00 00 00 00 00 00 
00 00 00 00 00 00 00 00 00 00 00 00 00 00 00 00 
00 00 00 00 00 00 00 00 00 00 00 00 00 00 00 00 
00 00 00 00 00 00 00 00 00 00 00 00 00 00 00 00 
00 00 00 00 00 00 00 00 00 00 00 00 00 00 00 00 
00 00 00 00 00 00 00 00 00 00 00 00 00 00 00 00 
00 00 00 00 00 00 00 00 00 00 00 00 00 00 00 00 
00 00 00 00 00 00 00 00 00 00 00 00 00 00 00 00 
00 00 00 00 00 00 00 00 00 00 00 00 00 00 00 00 
00 00 00 00 00 00 00 00 00 00 00 00 00 00 00 00 
00 00 00 00 00 00 00 00 00 00 00 00 00 00 00 00 
00 00 00 00 00 00 00 00 00 00 00 00 00 00 00 00 
00 00 00 00 00 00 00 00 00 00 00 00 00 00 00 00 
00 00 00 00 00 00 00 00 00 00 00 00 00 00 00 00 
00 00 00 00 00 00 00 00 00 00 00 00 00 00 00 00 
00 00 00 00 00 00 00 00 00 00 00 00 00 00 00 00 
00 00 00 00 00 00 00 00 00 00 00 00 00 00 00 00 
00 00 00 00 00 00 00 00 00 00 00 00 00 00 00 00 
00 00 00 00 00 00 00 00 00 00 00 00 00 00 00 00 
00 00 00 00 00 00 00 00 00 00 00 00 00 00 00 00 
00 00 00 00 00 00 00 00 00 00 00 00 00 00 00 00 
00 00 00 00 00 00 00 00 00 00 00 00 00 00 00 00 
00 00 00 00 00 00 00 00 00 00 00 00 00 00 00 00 
00 00 00 00 00 00 00 00 00 00 00 00 00 00 00 00 
00 00 00 00 00 00 00 00 00 00 00 00 00 00 00 00 
00 00 00 00 00 00 00 00 00 00 00 00 00 00 00 00 
00 00 00 00 00 00 00 00 00 00 00 00 00 00 00 00 
00 00 00 00 00 00 00 00 00 00 00 00 00 00 00 00 
00 00 00 00 00 00 00 00 00 00 00 00 00 00 00 00 
00 00 00 00 00 00 00 00 00 00 00 00 00 00 00 00 
00 00 00 00 00 00 00 00 00 00 00 00 00 00 00 00 
00 00 00 00 00 00 00 00 00 00 00 00 00 00 00 00 
00 00 00 00 00 00 00 00 00 00 00 00 00 00 00 00 
00 00 00 00 00 00 00 00 00 00 00 00 00 00 00 00 
00 00 00 00 00 00 00 00 00 00 00 00 00 00 00 00 
00 00 00 00 00 00 00 00 00 00 00 00 00 00 00 00 
00 00 00 00 00 00 00 00 00 00 00 00 00 00 00 00 
00 00 00 00 00 00 00 00 00 00 00 00 00 00 00 00 
00 00 00 00 00 00 00 00 00 00 00 00 00 00 00 00 
00 00 00 00 00 00 00 00 00 00 00 00 00 00 00 00 
00 00 00 00 00 00 00 00 00 00 00 00 00 00 00 00 
00 00 00 00 00 00 00 00 00 00 00 00 00 00 00 00 
00 00 00 00 00 00 00 00 00 00 00 00 00 00 00 00 
00 00 00 00 00 00 00 00 00 00 00 00 00 00 00 00 
00 00 00 00 00 00 00 00 00 00 00 00 00 00 00 00 
00 00 00 00 00 00 00 00 00 00 00 00 00 00 00 00 
00 00 00 00 00 00 00 00 00 00 00 00 00 00 00 00 
00 00 00 00 00 00 00 00 00 00 00 00 00 00 00 00 
00 00 00 00 00 00 00 00 00 00 00 00 00 00 00 00 
00 00 00 00 00 00 00 00 00 00 00 00 00 00 00 00 
00 00 00 00 00 00 00 00 00 00 00 00 00 00 00 00 
00 00 00 00 00 00 00 00 00 00 00 00 00 00 00 00 
00 00 00 00 00 00 00 00 00 00 00 00 00 00 00 00 
00 00 00 00 00 00 00 00 00 00 00 00 00 00 00 00 
00 00 00 00 00 00 00 00 00 00 00 00 00 00 00 00 
00 00 00 00 00 00 00 00 00 00 00 00 00 00 00 00 
00 00 00 00 00 00 00 00 00 00 00 00 00 00 00 00 
00 00 00 00 00 00 00 00 00 00 00 00 00 00 00 00 
00 00 00 00 00 00 00 00 00 00 00 00 00 00 00 00 
00 00 00 00 00 00 00 00 00 00 00 00 00 00 00 00 
00 00 00 00 00 00 00 00 00 00 00 00 00 00 00 00 
00 00 00 00 00 00 00 00 00 00 00 00 00 00 00 00 
00 00 00 00 00 00 00 00 00 00 00 00 00 00 00 00 
00 00 00 00 00 00 00 00 00 00 00 00 00 00 00 00 
00 00 00 00 00 00 00 00 00 00 00 00 00 00 00 00 
00 00 00 00 00 00 00 00 00 00 00 00 00 00 00 00 
00 00 00 00 00 00 00 00 00 00 00 00 00 00 00 00 
00 00 00 00 00 00 00 00 00 00 00 00 00 00 00 00 
00 00 00 00 00 00 00 00 00 00 00 00 00 00 00 00 
00 00 00 00 00 00 00 00 00 00 00 00 00 00 00 00 
00 00 00 00 00 00 00 00 00 00 00 00 00 00 00 00 
00 00 00 00 00 00 00 00 00 00 00 00 00 00 00 00 
00 00 00 00 00 00 00 00 00 00 00 00 00 00 00 00 
00 00 00 00 00 00 00 00 00 00 00 00 00 00 00 00 
00 00 00 00 00 00 00 00 00 00 00 00 00 00 00 00 
00 00 00 00 00 00 00 00 00 00 00 00 00 00 00 00 
00 00 00 00 00 00 00 00 00 00 00 00 00 00 00 00 
00 00 00 00 00 00 00 00 00 00 00 00 00 00 00 00 
00 00 00 00 00 00 00 00 00 00 00 00 00 00 00 00 
00 00 00 00 00 00 00 00 00 00 00 00 00 00 00 00 
00 00 00 00 00 00 00 00 00 00 00 00 00 00 00 00 
00 00 00 00 00 00 00 00 00 00 00 00 00 00 00 00 
00 00 00 00 00 00 00 00 00 00 00 00 00 00 00 00 
00 00 00 00 00 00 00 00 00 00 00 00 00 00 00 00 
00 00 00 00 00 00 00 00 00 00 00 00 00 00 00 00 
00 00 00 00 00 00 00 00 00 00 00 00 00 00 00 00 
00 00 00 00 00 00 00 00 00 00 00 00 00 00 00 00 
00 00 00 00 00 00 00 00 00 00 00 00 00 00 00 00 
00 00 00 00 00 00 00 00 00 00 00 00 00 00 00 00 
00 00 00 00 00 00 00 00 00 00 00 00 00 00 00 00 
00 00 00 00 00 00 00 00 00 00 00 00 00 00 00 00 
00 00 00 00 00 00 00 00 00 00 00 00 00 00 00 00 
00 00 00 00 00 00 00 00 00 00 00 00 00 00 00 00 
00 00 00 00 00 00 00 00 00 00 00 00 00 00 00 00 
00 00 00 00 00 00 00 00 00 00 00 00 00 00 00 00 
00 00 00 00 00 00 00 00 00 00 00 00 00 00 00 00 
00 00 00 00 00 00 00 00 00 00 00 00 00 00 00 00 
00 00 00 00 00 00 00 00 00 00 00 00 00 00 00 00 
00 00 00 00 00 00 00 00 00 00 00 00 00 00 00 00 
00 00 00 00 00 00 00 00 00 00 00 00 00 00 00 00 
00 00 00 00 00 00 00 00 00 00 00 00 00 00 00 00 
00 00 00 00 00 00 00 00 00 00 00 00 00 00 00 00 
00 00 00 00 00 00 00 00 00 00 00 00 00 00 00 00 
00 00 00 00 00 00 00 00 00 00 00 00 00 00 00 00 
00 00 00 00 00 00 00 00 00 00 00 00 00 00 00 00 
00 00 00 00 00 00 00 00 00 00 00 00 00 00 00 00 
00 00 00 00 00 00 00 00 00 00 00 00 00 00 00 00 
00 00 00 00 00 00 00 00 00 00 00 00 00 00 00 00 
00 00 00 00 00 00 00 00 00 00 00 00 00 00 00 00 
00 00 00 00 00 00 00 00 00 00 00 00 00 00 00 00 
00 00 00 00 00 00 00 00 00 00 00 00 00 00 00 00 
00 00 00 00 00 00 00 00 00 00 00 00 00 00 00 00 
00 00 00 00 00 00 00 00 00 00 00 00 00 00 00 00 
00 00 00 00 00 00 00 00 00 00 00 00 00 00 00 00 
00 00 00 00 00 00 00 00 00 00 00 00 00 00 00 00 
00 00 00 00 00 00 00 00 00 00 00 00 00 00 00 00 
00 00 00 00 00 00 00 00 00 00 00 00 00 00 00 00 
00 00 00 00 00 00 00 00 00 00 00 00 00 00 00 00 
00 00 00 00 00 00 00 00 00 00 00 00 00 00 00 00 
00 00 00 00 00 00 00 00 00 00 00 00 00 00 00 00 
00 00 00 00 00 00 00 00 00 00 00 00 00 00 00 00 
00 00 00 00 00 00 00 00 00 00 00 00 00 00 00 00 
00 00 00 00 00 00 00 00 00 00 00 00 00 00 00 00 
00 00 00 00 00 00 00 00 00 00 00 00 00 00 00 00 
00 00 00 00 00 00 00 00 00 00 00 00 00 00 00 00 
00 00 00 00 00 00 00 00 00 00 00 00 00 00 00 00 
00 00 00 00 00 00 00 00 00 00 00 00 00 00 00 00 
00 00 00 00 00 00 00 00 00 00 00 00 00 00 00 00 
00 00 00 00 00 00 00 00 00 00 00 00 00 00 00 00 
00 00 00 00 00 00 00 00 00 00 00 00 00 00 00 00 
00 00 00 00 00 00 00 00 00 00 00 00 00 00 00 00 
00 00 00 00 00 00 00 00 00 00 00 00 00 00 00 00 
00 00 00 00 00 00 00 00 00 00 00 00 00 00 00 00 
00 00 00 00 00 00 00 00 00 00 00 00 00 00 00 00 
00 00 00 00 00 00 00 00 00 00 00 00 00 00 00 00 
00 00 00 00 00 00 00 00 00 00 00 00 00 00 00 00 
00 00 00 00 00 00 00 00 00 00 00 00 00 00 00 00 
00 00 00 00 00 00 00 00 00 00 00 00 00 00 00 00 
00 00 00 00 00 00 00 00 00 00 00 00 00 00 00 00 
00 00 00 00 00 00 00 00 00 00 00 00 00 00 00 00 
00 00 00 00 00 00 00 00 00 00 00 00 00 00 00 00 
00 00 00 00 00 00 00 00 00 00 00 00 00 00 00 00 
00 00 00 00 00 00 00 00 00 00 00 00 00 00 00 00 
00 00 00 00 00 00 00 00 00 00 00 00 00 00 00 00 
00 00 00 00 00 00 00 00 00 00 00 00 00 00 00 00 
00 00 00 00 00 00 00 00 00 00 00 00 00 00 00 00 
00 00 00 00 00 00 00 00 00 00 00 00 00 00 00 00 
00 00 00 00 00 00 00 00 00 00 00 00 00 00 00 00 
00 00 00 00 00 00 00 00 00 00 00 00 00 00 00 00 
00 00 00 00 00 00 00 00 00 00 00 00 00 00 00 00 
00 00 00 00 00 00 00 00 00 00 00 00 00 00 00 00 
00 00 00 00 00 00 00 00 00 00 00 00 00 00 00 00 
00 00 00 00 00 00 00 00 00 00 00 00 00 00 00 00 
00 00 00 00 00 00 00 00 00 00 00 00 00 00 00 00 
00 00 00 00 00 00 00 00 00 00 00 00 00 00 00 00 
00 00 00 00 00 00 00 00 00 00 00 00 00 00 00 00 
00 00 00 00 00 00 00 00 00 00 00 00 00 00 00 00 
00 00 00 00 00 00 00 00 00 00 00 00 00 00 00 00 
00 00 00 00 00 00 00 00 00 00 00 00 00 00 00 00 
00 00 00 00 00 00 00 00 00 00 00 00 00 00 00 00 
00 00 00 00 00 00 00 00 00 00 00 00 00 00 00 00 
00 00 00 00 00 00 00 00 00 00 00 00 00 00 00 00 
00 00 00 00 00 00 00 00 00 00 00 00 00 00 00 00 
00 00 00 00 00 00 00 00 00 00 00 00 00 00 00 00 
00 00 00 00 00 00 00 00 00 00 00 00 00 00 00 00 
00 00 00 00 00 00 00 00 00 00 00 00 00 00 00 00 
00 00 00 00 00 00 00 00 00 00 00 00 00 00 00 00 
00 00 00 00 00 00 00 00 00 00 00 00 00 00 00 00 
00 00 00 00 00 00 00 00 00 00 00 00 00 00 00 00 
00 00 00 00 00 00 00 00 00 00 00 00 00 00 00 00 
00 00 00 00 00 00 00 00 00 00 00 00 00 00 00 00 
00 00 00 00 00 00 00 00 00 00 00 00 00 00 00 00 
00 00 00 00 00 00 00 00 00 00 00 00 00 00 00 00 
00 00 00 00 00 00 00 00 00 00 00 00 00 00 00 00 
00 00 00 00 00 00 00 00 00 00 00 00 00 00 00 00 
00 00 00 00 00 00 00 00 00 00 00 00 00 00 00 00 
00 00 00 00 00 00 00 00 00 00 00 00 00 00 00 00 
00 00 00 00 00 00 00 00 00 00 00 00 00 00 00 00 
00 00 00 00 00 00 00 00 00 00 00 00 00 00 00 00 
00 00 00 00 00 00 00 00 00 00 00 00 00 00 00 00 
00 00 00 00 00 00 00 00 00 00 00 00 00 00 00 00 
00 00 00 00 00 00 00 00 00 00 00 00 00 00 00 00 
00 00 00 00 00 00 00 00 00 00 00 00 00 00 00 00 
00 00 00 00 00 00 00 00 00 00 00 00 00 00 00 00 
00 00 00 00 00 00 00 00 00 00 00 00 00 00 00 00 
00 00 00 00 00 00 00 00 00 00 00 00 00 00 00 00 
00 00 00 00 00 00 00 00 00 00 00 00 00 00 00 00 
00 00 00 00 00 00 00 00 00 00 00 00 00 00 00 00 
00 00 00 00 00 00 00 00 00 00 00 00 00 00 00 00 
00 00 00 00 00 00 00 00 00 00 00 00 00 00 00 00 
00 00 00 00 00 00 00 00 00 00 00 00 00 00 00 00 
00 00 00 00 00 00 00 00 00 00 00 00 00 00 00 00 
00 00 00 00 00 00 00 00 00 00 00 00 00 00 00 00 
00 00 00 00 00 00 00 00 00 00 00 00 00 00 00 00 
00 00 00 00 00 00 00 00 00 00 00 00 00 00 00 00 
00 00 00 00 00 00 00 00 00 00 00 00 00 00 00 00 
00 00 00 00 00 00 00 00 00 00 00 00 00 00 00 00 
00 00 00 00 00 00 00 00 00 00 00 00 00 00 00 00 
00 00 00 00 00 00 00 00 00 00 00 00 00 00 00 00 
00 00 00 00 00 00 00 00 00 00 00 00 00 00 00 00 
00 00 00 00 00 00 00 00 00 00 00 00 00 00 00 00 
00 00 00 00 00 00 00 00 00 00 00 00 00 00 00 00 
00 00 00 00 00 00 00 00 00 00 00 00 00 00 00 00 
00 00 00 00 00 00 00 00 00 00 00 00 00 00 00 00 
00 00 00 00 00 00 00 00 00 00 00 00 00 00 00 00 
00 00 00 00 00 00 00 00 00 00 00 00 00 00 00 00 
00 00 00 00 00 00 00 00 00 00 00 00 00 00 00 00 
00 00 00 00 00 00 00 00 00 00 00 00 00 00 00 00 
00 00 00 00 00 00 00 00 00 00 00 00 00 00 00 00 
00 00 00 00 00 00 00 00 00 00 00 00 00 00 00 00 
00 00 00 00 00 00 00 00 00 00 00 00 00 00 00 00 
00 00 00 00 00 00 00 00 00 00 00 00 00 00 00 00 
00 00 00 00 00 00 00 00 00 00 00 00 00 00 00 00 
00 00 00 00 00 00 00 00 00 00 00 00 00 00 00 00 
00 00 00 00 00 00 00 00 00 00 00 00 00 00 00 00 
00 00 00 00 00 00 00 00 00 00 00 00 00 00 00 00 
00 00 00 00 00 00 00 00 00 00 00 00 00 00 00 00 
00 00 00 00 00 00 00 00 00 00 00 00 00 00 00 00 
00 00 00 00 00 00 00 00 00 00 00 00 00 00 00 00 
00 00 00 00 00 00 00 00 00 00 00 00 00 00 00 00 
00 00 00 00 00 00 00 00 00 00 00 00 00 00 00 00 
00 00 00 00 00 00 00 00 00 00 00 00 00 00 00 00 
00 00 00 00 00 00 00 00 00 00 00 00 00 00 00 00 
00 00 00 00 00 00 00 00 00 00 00 00 00 00 00 00 
00 00 00 00 00 00 00 00 00 00 00 00 00 00 00 00 
00 00 00 00 00 00 00 00 00 00 00 00 00 00 00 00 
00 00 00 00 00 00 00 00 00 00 00 00 00 00 00 00 
00 00 00 00 00 00 00 00 00 00 00 00 00 00 00 00 
00 00 00 00 00 00 00 00 00 00 00 00 00 00 00 00 
00 00 00 00 00 00 00 00 00 00 00 00 00 00 00 00 
00 00 00 00 00 00 00 00 00 00 00 00 00 00 00 00 
00 00 00 00 00 00 00 00 00 00 00 00 00 00 00 00 
00 00 00 00 00 00 00 00 00 00 00 00 00 00 00 00 
00 00 00 00 00 00 00 00 00 00 00 00 00 00 00 00 
00 00 00 00 00 00 00 00 00 00 00 00 00 00 00 00 
00 00 00 00 00 00 00 00 00 00 00 00 00 00 00 00 
00 00 00 00 00 00 00 00 00 00 00 00 00 00 00 00 
00 00 00 00 00 00 00 00 00 00 00 00 00 00 00 00 
00 00 00 00 00 00 00 00 00 00 00 00 00 00 00 00 
00 00 00 00 00 00 00 00 00 00 00 00 00 00 00 00 
00 00 00 00 00 00 00 00 00 00 00 00 00 00 00 00 
00 00 00 00 00 00 00 00 00 00 00 00 00 00 00 00 
00 00 00 00 00 00 00 00 00 00 00 00 00 00 00 00 
00 00 00 00 00 00 00 00 00 00 00 00 00 00 00 00 
00 00 00 00 00 00 00 00 00 00 00 00 00 00 00 00 
00 00 00 00 00 00 00 00 00 00 00 00 00 00 00 00 
00 00 00 00 00 00 00 00 00 00 00 00 00 00 00 00 
00 00 00 00 00 00 00 00 00 00 00 00 00 00 00 00 
00 00 00 00 00 00 00 00 00 00 00 00 00 00 00 00 
00 00 00 00 00 00 00 00 00 00 00 00 00 00 00 00 
00 00 00 00 00 00 00 00 00 00 00 00 00 00 00 00 
00 00 00 00 00 00 00 00 00 00 00 00 00 00 00 00 
00 00 00 00 00 00 00 00 00 00 00 00 00 00 00 00 
00 00 00 00 00 00 00 00 00 00 00 00 00 00 00 00 
00 00 00 00 00 00 00 00 00 00 00 00 00 00 00 00 
00 00 00 00 00 00 00 00 00 00 00 00 00 00 00 00 
00 00 00 00 00 00 00 00 00 00 00 00 00 00 00 00 
00 00 00 00 00 00 00 00 00 00 00 00 00 00 00 00 
00 00 00 00 00 00 00 00 00 00 00 00 00 00 00 00 
00 00 00 00 00 00 00 00 00 00 00 00 00 00 00 00 
00 00 00 00 00 00 00 00 00 00 00 00 00 00 00 00 
00 00 00 00 00 00 00 00 00 00 00 00 00 00 00 00 
00 00 00 00 00 00 00 00 00 00 00 00 00 00 00 00 
00 00 00 00 00 00 00 00 00 00 00 00 00 00 00 00 
00 00 00 00 00 00 00 00 00 00 00 00 00 00 00 00 
00 00 00 00 00 00 00 00 00 00 00 00 00 00 00 00 
00 00 00 00 00 00 00 00 00 00 00 00 00 00 00 00 
00 00 00 00 00 00 00 00 00 00 00 00 00 00 00 00 
00 00 00 00 00 00 00 00 00 00 00 00 00 00 00 00 
00 00 00 00 00 00 00 00 00 00 00 00 00 00 00 00 
00 00 00 00 00 00 00 00 00 00 00 00 00 00 00 00 
00 00 00 00 00 00 00 00 00 00 00 00 00 00 00 00 
00 00 00 00 00 00 00 00 00 00 00 00 00 00 00 00 
00 00 00 00 00 00 00 00 00 00 00 00 00 00 00 00 
00 00 00 00 00 00 00 00 00 00 00 00 00 00 00 00 
00 00 00 00 00 00 00 00 00 00 00 00 00 00 00 00 
00 00 00 00 00 00 00 00 00 00 00 00 00 00 00 00 
00 00 00 00 00 00 00 00 00 00 00 00 00 00 00 00 
00 00 00 00 00 00 00 00 00 00 00 00 00 00 00 00 
00 00 00 00 00 00 00 00 00 00 00 00 00 00 00 00 
00 00 00 00 00 00 00 00 00 00 00 00 00 00 00 00 
00 00 00 00 00 00 00 00 00 00 00 00 00 00 00 00 
00 00 00 00 00 00 00 00 00 00 00 00 00 00 00 00 
00 00 00 00 00 00 00 00 00 00 00 00 00 00 00 00 
00 00 00 00 00 00 00 00 00 00 00 00 00 00 00 00 
00 00 00 00 00 00 00 00 00 00 00 00 00 00 00 00 
00 00 00 00 00 00 00 00 00 00 00 00 00 00 00 00 
00 00 00 00 00 00 00 00 00 00 00 00 00 00 00 00 
00 00 00 00 00 00 00 00 00 00 00 00 00 00 00 00 
00 00 00 00 00 00 00 00 00 00 00 00 00 00 00 00 
00 00 00 00 00 00 00 00 00 00 00 00 00 00 00 00 
00 00 00 00 00 00 00 00 00 00 00 00 00 00 00 00 
00 00 00 00 00 00 00 00 00 00 00 00 00 00 00 00 
00 00 00 00 00 00 00 00 00 00 00 00 00 00 00 00 
00 00 00 00 00 00 00 00 00 00 00 00 00 00 00 00 
00 00 00 00 00 00 00 00 00 00 00 00 00 00 00 00 
00 00 00 00 00 00 00 00 00 00 00 00 00 00 00 00 
00 00 00 00 00 00 00 00 00 00 00 00 00 00 00 00 
00 00 00 00 00 00 00 00 00 00 00 00 00 00 00 00 
00 00 00 00 00 00 00 00 00 00 00 00 00 00 00 00 
00 00 00 00 00 00 00 00 00 00 00 00 00 00 00 00 
00 00 00 00 00 00 00 00 00 00 00 00 00 00 00 00 
00 00 00 00 00 00 00 00 00 00 00 00 00 00 00 00 
00 00 00 00 00 00 00 00 00 00 00 00 00 00 00 00 
00 00 00 00 00 00 00 00 00 00 00 00 00 00 00 00 
00 00 00 00 00 00 00 00 00 00 00 00 00 00 00 00 
00 00 00 00 00 00 00 00 00 00 00 00 00 00 00 00 
00 00 00 00 00 00 00 00 00 00 00 00 00 00 00 00 
00 00 00 00 00 00 00 00 00 00 00 00 00 00 00 00 
00 00 00 00 00 00 00 00 00 00 00 00 00 00 00 00 
00 00 00 00 00 00 00 00 00 00 00 00 00 00 00 00 
00 00 00 00 00 00 00 00 00 00 00 00 00 00 00 00 
00 00 00 00 00 00 00 00 00 00 00 00 00 00 00 00 
00 00 00 00 00 00 00 00 00 00 00 00 00 00 00 00 
00 00 00 00 00 00 00 00 00 00 00 00 00 00 00 00 
00 00 00 00 00 00 00 00 00 00 00 00 00 00 00 00 
00 00 00 00 00 00 00 00 00 00 00 00 00 00 00 00 
00 00 00 00 00 00 00 00 00 00 00 00 00 00 00 00 
00 00 00 00 00 00 00 00 00 00 00 00 00 00 00 00 
00 00 00 00 00 00 00 00 00 00 00 00 00 00 00 00 
00 00 00 00 00 00 00 00 00 00 00 00 00 00 00 00 
00 00 00 00 00 00 00 00 00 00 00 00 00 00 00 00 
00 00 00 00 00 00 00 00 00 00 00 00 00 00 00 00 
00 00 00 00 00 00 00 00 00 00 00 00 00 00 00 00 
00 00 00 00 00 00 00 00 00 00 00 00 00 00 00 00 
00 00 00 00 00 00 00 00 00 00 00 00 00 00 00 00 
00 00 00 00 00 00 00 00 00 00 00 00 00 00 00 00 
00 00 00 00 00 00 00 00 00 00 00 00 00 00 00 00 
00 00 00 00 00 00 00 00 00 00 00 00 00 00 00 00 
00 00 00 00 00 00 00 00 00 00 00 00 00 00 00 00 
00 00 00 00 00 00 00 00 00 00 00 00 00 00 00 00 
00 00 00 00 00 00 00 00 00 00 00 00 00 00 00 00 
00 00 00 00 00 00 00 00 00 00 00 00 00 00 00 00 
00 00 00 00 00 00 00 00 00 00 00 00 00 00 00 00 
00 00 00 00 00 00 00 00 00 00 00 00 00 00 00 00 
00 00 00 00 00 00 00 00 00 00 00 00 00 00 00 00 
00 00 00 00 00 00 00 00 00 00 00 00 00 00 00 00 
00 00 00 00 00 00 00 00 00 00 00 00 00 00 00 00 
00 00 00 00 00 00 00 00 00 00 00 00 00 00 00 00 
00 00 00 00 00 00 00 00 00 00 00 00 00 00 00 00 
00 00 00 00 00 00 00 00 00 00 00 00 00 00 00 00 
00 00 00 00 00 00 00 00 00 00 00 00 00 00 00 00 
00 00 00 00 00 00 00 00 00 00 00 00 00 00 00 00 
00 00 00 00 00 00 00 00 00 00 00 00 00 00 00 00 
00 00 00 00 00 00 00 00 00 00 00 00 00 00 00 00 
00 00 00 00 00 00 00 00 00 00 00 00 00 00 00 00 
00 00 00 00 00 00 00 00 00 00 00 00 00 00 00 00 
00 00 00 00 00 00 00 00 00 00 00 00 00 00 00 00 
00 00 00 00 00 00 00 00 00 00 00 00 00 00 00 00 
00 00 00 00 00 00 00 00 00 00 00 00 00 00 00 00 
00 00 00 00 00 00 00 00 00 00 00 00 00 00 00 00 
00 00 00 00 00 00 00 00 00 00 00 00 00 00 00 00 
00 00 00 00 00 00 00 00 00 00 00 00 00 00 00 00 
00 00 00 00 00 00 00 00 00 00 00 00 00 00 00 00 
00 00 00 00 00 00 00 00 00 00 00 00 00 00 00 00 
00 00 00 00 00 00 00 00 00 00 00 00 00 00 00 00 
00 00 00 00 00 00 00 00 00 00 00 00 00 00 00 00 
00 00 00 00 00 00 00 00 00 00 00 00 00 00 00 00 
00 00 00 00 00 00 00 00 00 00 00 00 00 00 00 00 
00 00 00 00 00 00 00 00 00 00 00 00 00 00 00 00 
00 00 00 00 00 00 00 00 00 00 00 00 00 00 00 00 
00 00 00 00 00 00 00 00 00 00 00 00 00 00 00 00 
00 00 00 00 00 00 00 00 00 00 00 00 00 00 00 00 
00 00 00 00 00 00 00 00 00 00 00 00 00 00 00 00 
00 00 00 00 00 00 00 00 00 00 00 00 00 00 00 00 
00 00 00 00 00 00 00 00 00 00 00 00 00 00 00 00 
00 00 00 00 00 00 00 00 00 00 00 00 00 00 00 00 
00 00 00 00 00 00 00 00 00 00 00 00 00 00 00 00 
00 00 00 00 00 00 00 00 00 00 00 00 00 00 00 00 
00 00 00 00 00 00 00 00 00 00 00 00 00 00 00 00 
00 00 00 00 00 00 00 00 00 00 00 00 00 00 00 00 
00 00 00 00 00 00 00 00 00 00 00 00 00 00 00 00 
00 00 00 00 00 00 00 00 00 00 00 00 00 00 00 00 
00 00 00 00 00 00 00 00 00 00 00 00 00 00 00 00 
00 00 00 00 00 00 00 00 00 00 00 00 00 00 00 00 
00 00 00 00 00 00 00 00 00 00 00 00 00 00 00 00 
00 00 00 00 00 00 00 00 00 00 00 00 00 00 00 00 
00 00 00 00 00 00 00 00 00 00 00 00 00 00 00 00 
00 00 00 00 00 00 00 00 00 00 00 00 00 00 00 00 
00 00 00 00 00 00 00 00 00 00 00 00 00 00 00 00 
00 00 00 00 00 00 00 00 00 00 00 00 00 00 00 00 
00 00 00 00 00 00 00 00 00 00 00 00 00 00 00 00 
00 00 00 00 00 00 00 00 00 00 00 00 00 00 00 00 
00 00 00 00 00 00 00 00 00 00 00 00 00 00 00 00 
00 00 00 00 00 00 00 00 00 00 00 00 00 00 00 00 
00 00 00 00 00 00 00 00 00 00 00 00 00 00 00 00 
00 00 00 00 00 00 00 00 00 00 00 00 00 00 00 00 
00 00 00 00 00 00 00 00 00 00 00 00 00 00 00 00 
00 00 00 00 00 00 00 00 00 00 00 00 00 00 00 00 
00 00 00 00 00 00 00 00 00 00 00 00 00 00 00 00 
00 00 00 00 00 00 00 00 00 00 00 00 00 00 00 00 
00 00 00 00 00 00 00 00 00 00 00 00 00 00 00 00 
00 00 00 00 00 00 00 00 00 00 00 00 00 00 00 00 
00 00 00 00 00 00 00 00 00 00 00 00 00 00 00 00 
00 00 00 00 00 00 00 00 00 00 00 00 00 00 00 00 
00 00 00 00 00 00 00 00 00 00 00 00 00 00 00 00 
00 00 00 00 00 00 00 00 00 00 00 00 00 00 00 00 
00 00 00 00 00 00 00 00 00 00 00 00 00 00 00 00 
00 00 00 00 00 00 00 00 00 00 00 00 00 00 00 00 
00 00 00 00 00 00 00 00 00 00 00 00 00 00 00 00 
00 00 00 00 00 00 00 00 00 00 00 00 00 00 00 00 
00 00 00 00 00 00 00 00 00 00 00 00 00 00 00 00 
00 00 00 00 00 00 00 00 00 00 00 00 00 00 00 00 
00 00 00 00 00 00 00 00 00 00 00 00 00 00 00 00 
00 00 00 00 00 00 00 00 00 00 00 00 00 00 00 00 
00 00 00 00 00 00 00 00 00 00 00 00 00 00 00 00 
00 00 00 00 00 00 00 00 00 00 00 00 00 00 00 00 
00 00 00 00 00 00 00 00 00 00 00 00 00 00 00 00 
00 00 00 00 00 00 00 00 00 00 00 00 00 00 00 00 
00 00 00 00 00 00 00 00 00 00 00 00 00 00 00 00 
00 00 00 00 00 00 00 00 00 00 00 00 00 00 00 00 
00 00 00 00 00 00 00 00 00 00 00 00 00 00 00 00 
00 00 00 00 00 00 00 00 00 00 00 00 00 00 00 00 
00 00 00 00 00 00 00 00 00 00 00 00 00 00 00 00 
00 00 00 00 00 00 00 00 00 00 00 00 00 00 00 00 
00 00 00 00 00 00 00 00 00 00 00 00 00 00 00 00 
00 00 00 00 00 00 00 00 00 00 00 00 00 00 00 00 
00 00 00 00 00 00 00 00 00 00 00 00 00 00 00 00 
00 00 00 00 00 00 00 00 00 00 00 00 00 00 00 00 
00 00 00 00 00 00 00 00 00 00 00 00 00 00 00 00 
00 00 00 00 00 00 00 00 00 00 00 00 00 00 00 00 
00 00 00 00 00 00 00 00 00 00 00 00 00 00 00 00 
00 00 00 00 00 00 00 00 00 00 00 00 00 00 00 00 
00 00 00 00 00 00 00 00 00 00 00 00 00 00 00 00 
00 00 00 00 00 00 00 00 00 00 00 00 00 00 00 00 
00 00 00 00 00 00 00 00 00 00 00 00 00 00 00 00 
00 00 00 00 00 00 00 00 00 00 00 00 00 00 00 00 
00 00 00 00 00 00 00 00 00 00 00 00 00 00 00 00 
00 00 00 00 00 00 00 00 00 00 00 00 00 00 00 00 
00 00 00 00 00 00 00 00 00 00 00 00 00 00 00 00 
00 00 00 00 00 00 00 00 00 00 00 00 00 00 00 00 
00 00 00 00 00 00 00 00 00 00 00 00 00 00 00 00 
00 00 00 00 00 00 00 00 00 00 00 00 00 00 00 00 
00 00 00 00 00 00 00 00 00 00 00 00 00 00 00 00 
00 00 00 00 00 00 00 00 00 00 00 00 00 00 00 00 
00 00 00 00 00 00 00 00 00 00 00 00 00 00 00 00 
00 00 00 00 00 00 00 00 00 00 00 00 00 00 00 00 
00 00 00 00 00 00 00 00 00 00 00 00 00 00 00 00 
00 00 00 00 00 00 00 00 00 00 00 00 00 00 00 00 
00 00 00 00 00 00 00 00 00 00 00 00 00 00 00 00 
00 00 00 00 00 00 00 00 00 00 00 00 00 00 00 00 
00 00 00 00 00 00 00 00 00 00 00 00 00 00 00 00 
00 00 00 00 00 00 00 00 00 00 00 00 00 00 00 00 
00 00 00 00 00 00 00 00 00 00 00 00 00 00 00 00 
00 00 00 00 00 00 00 00 00 00 00 00 00 00 00 00 
00 00 00 00 00 00 00 00 00 00 00 00 00 00 00 00 
00 00 00 00 00 00 00 00 00 00 00 00 00 00 00 00 
00 00 00 00 00 00 00 00 00 00 00 00 00 00 00 00 
00 00 00 00 00 00 00 00 00 00 00 00 00 00 00 00 
00 00 00 00 00 00 00 00 00 00 00 00 00 00 00 00 
00 00 00 00 00 00 00 00 00 00 00 00 00 00 00 00 
00 00 00 00 00 00 00 00 00 00 00 00 00 00 00 00 
00 00 00 00 00 00 00 00 00 00 00 00 00 00 00 00 
00 00 00 00 00 00 00 00 00 00 00 00 00 00 00 00 
00 00 00 00 00 00 00 00 00 00 00 00 00 00 00 00 
00 00 00 00 00 00 00 00 00 00 00 00 00 00 00 00 
00 00 00 00 00 00 00 00 00 00 00 00 00 00 00 00 
00 00 00 00 00 00 00 00 00 00 00 00 00 00 00 00 
00 00 00 00 00 00 00 00 00 00 00 00 00 00 00 00 
00 00 00 00 00 00 00 00 00 00 00 00 00 00 00 00 
00 00 00 00 00 00 00 00 00 00 00 00 00 00 00 00 
00 00 00 00 00 00 00 00 00 00 00 00 00 00 00 00 
00 00 00 00 00 00 00 00 00 00 00 00 00 00 00 00 
00 00 00 00 00 00 00 00 00 00 00 00 00 00 00 00 
00 00 00 00 00 00 00 00 00 00 00 00 00 00 00 00 
00 00 00 00 00 00 00 00 00 00 00 00 00 00 00 00 
00 00 00 00 00 00 00 00 00 00 00 00 00 00 00 00 
00 00 00 00 00 00 00 00 00 00 00 00 00 00 00 00 
00 00 00 00 00 00 00 00 00 00 00 00 00 00 00 00 
00 00 00 00 00 00 00 00 00 00 00 00 00 00 00 00 
00 00 00 00 00 00 00 00 00 00 00 00 00 00 00 00 
00 00 00 00 00 00 00 00 00 00 00 00 00 00 00 00 
00 00 00 00 00 00 00 00 00 00 00 00 00 00 00 00 
00 00 00 00 00 00 00 00 00 00 00 00 00 00 00 00 
00 00 00 00 00 00 00 00 00 00 00 00 00 00 00 00 
00 00 00 00 00 00 00 00 00 00 00 00 00 00 00 00 
00 00 00 00 00 00 00 00 00 00 00 00 00 00 00 00 
00 00 00 00 00 00 00 00 00 00 00 00 00 00 00 00 
00 00 00 00 00 00 00 00 00 00 00 00 00 00 00 00 
00 00 00 00 00 00 00 00 00 00 00 00 00 00 00 00 
00 00 00 00 00 00 00 00 00 00 00 00 00 00 00 00 
00 00 00 00 00 00 00 00 00 00 00 00 00 00 00 00 
00 00 00 00 00 00 00 00 00 00 00 00 00 00 00 00 
00 00 00 00 00 00 00 00 00 00 00 00 00 00 00 00 
00 00 00 00 00 00 00 00 00 00 00 00 00 00 00 00 
00 00 00 00 00 00 00 00 00 00 00 00 00 00 00 00 
00 00 00 00 00 00 00 00 00 00 00 00 00 00 00 00 
00 00 00 00 00 00 00 00 00 00 00 00 00 00 00 00 
00 00 00 00 00 00 00 00 00 00 00 00 00 00 00 00 
00 00 00 00 00 00 00 00 00 00 00 00 00 00 00 00 
00 00 00 00 00 00 00 00 00 00 00 00 00 00 00 00 
00 00 00 00 00 00 00 00 00 00 00 00 00 00 00 00 
00 00 00 00 00 00 00 00 00 00 00 00 00 00 00 00 
00 00 00 00 00 00 00 00 00 00 00 00 00 00 00 00 
00 00 00 00 00 00 00 00 00 00 00 00 00 00 00 00 
00 00 00 00 00 00 00 00 00 00 00 00 00 00 00 00 
00 00 00 00 00 00 00 00 00 00 00 00 00 00 00 00 
00 00 00 00 00 00 00 00 00 00 00 00 00 00 00 00 
00 00 00 00 00 00 00 00 00 00 00 00 00 00 00 00 
00 00 00 00 00 00 00 00 00 00 00 00 00 00 00 00 
00 00 00 00 00 00 00 00 00 00 00 00 00 00 00 00 
00 00 00 00 00 00 00 00 00 00 00 00 00 00 00 00 
00 00 00 00 00 00 00 00 00 00 00 00 00 00 00 00 
00 00 00 00 00 00 00 00 00 00 00 00 00 00 00 00 
00 00 00 00 00 00 00 00 00 00 00 00 00 00 00 00 
00 00 00 00 00 00 00 00 00 00 00 00 00 00 00 00 
00 00 00 00 00 00 00 00 00 00 00 00 00 00 00 00 
00 00 00 00 00 00 00 00 00 00 00 00 00 00 00 00 
00 00 00 00 00 00 00 00 00 00 00 00 00 00 00 00 
00 00 00 00 00 00 00 00 00 00 00 00 00 00 00 00 
00 00 00 00 00 00 00 00 00 00 00 00 00 00 00 00 
00 00 00 00 00 00 00 00 00 00 00 00 00 00 00 00 
00 00 00 00 00 00 00 00 00 00 00 00 00 00 00 00 
00 00 00 00 00 00 00 00 00 00 00 00 00 00 00 00 
00 00 00 00 00 00 00 00 00 00 00 00 00 00 00 00 
00 00 00 00 00 00 00 00 00 00 00 00 00 00 00 00 
00 00 00 00 00 00 00 00 00 00 00 00 00 00 00 00 
00 00 00 00 00 00 00 00 00 00 00 00 00 00 00 00 
00 00 00 00 00 00 00 00 00 00 00 00 00 00 00 00 
00 00 00 00 00 00 00 00 00 00 00 00 00 00 00 00 
00 00 00 00 00 00 00 00 00 00 00 00 00 00 00 00 
00 00 00 00 00 00 00 00 00 00 00 00 00 00 00 00 
00 00 00 00 00 00 00 00 00 00 00 00 00 00 00 00 
00 00 00 00 00 00 00 00 00 00 00 00 00 00 00 00 
00 00 00 00 00 00 00 00 00 00 00 00 00 00 00 00 
00 00 00 00 00 00 00 00 00 00 00 00 00 00 00 00 
00 00 00 00 00 00 00 00 00 00 00 00 00 00 00 00 
00 00 00 00 00 00 00 00 00 00 00 00 00 00 00 00 
00 00 00 00 00 00 00 00 00 00 00 00 00 00 00 00 
00 00 00 00 00 00 00 00 00 00 00 00 00 00 00 00 
00 00 00 00 00 00 00 00 00 00 00 00 00 00 00 00 
00 00 00 00 00 00 00 00 00 00 00 00 00 00 00 00 
00 00 00 00 00 00 00 00 00 00 00 00 00 00 00 00 
00 00 00 00 00 00 00 00 00 00 00 00 00 00 00 00 
00 00 00 00 00 00 00 00 00 00 00 00 00 00 00 00 
00 00 00 00 00 00 00 00 00 00 00 00 00 00 00 00 
00 00 00 00 00 00 00 00 00 00 00 00 00 00 00 00 
00 00 00 00 00 00 00 00 00 00 00 00 00 00 00 00 
00 00 00 00 00 00 00 00 00 00 00 00 00 00 00 00 
00 00 00 00 00 00 00 00 00 00 00 00 00 00 00 00 
00 00 00 00 00 00 00 00 00 00 00 00 00 00 00 00 
00 00 00 00 00 00 00 00 00 00 00 00 00 00 00 00 
00 00 00 00 00 00 00 00 00 00 00 00 00 00 00 00 
00 00 00 00 00 00 00 00 00 00 00 00 00 00 00 00 
00 00 00 00 00 00 00 00 00 00 00 00 00 00 00 00 
00 00 00 00 00 00 00 00 00 00 00 00 00 00 00 00 
00 00 00 00 00 00 00 00 00 00 00 00 00 00 00 00 
00 00 00 00 00 00 00 00 00 00 00 00 00 00 00 00 
00 00 00 00 00 00 00 00 00 00 00 00 00 00 00 00 
00 00 00 00 00 00 00 00 00 00 00 00 00 00 00 00 
00 00 00 00 00 00 00 00 00 00 00 00 00 00 00 00 
00 00 00 00 00 00 00 00 00 00 00 00 00 00 00 00 
00 00 00 00 00 00 00 00 00 00 00 00 00 00 00 00 
00 00 00 00 00 00 00 00 00 00 00 00 00 00 00 00 
00 00 00 00 00 00 00 00 00 00 00 00 00 00 00 00 
00 00 00 00 00 00 00 00 00 00 00 00 00 00 00 00 
00 00 00 00 00 00 00 00 00 00 00 00 00 00 00 00 
00 00 00 00 00 00 00 00 00 00 00 00 00 00 00 00 
00 00 00 00 00 00 00 00 00 00 00 00 00 00 00 00 
00 00 00 00 00 00 00 00 00 00 00 00 00 00 00 00 
00 00 00 00 00 00 00 00 00 00 00 00 00 00 00 00 
00 00 00 00 00 00 00 00 00 00 00 00 00 00 00 00 
00 00 00 00 00 00 00 00 00 00 00 00 00 00 00 00 
00 00 00 00 00 00 00 00 00 00 00 00 00 00 00 00 
00 00 00 00 00 00 00 00 00 00 00 00 00 00 00 00 
00 00 00 00 00 00 00 00 00 00 00 00 00 00 00 00 
00 00 00 00 00 00 00 00 00 00 00 00 00 00 00 00 
00 00 00 00 00 00 00 00 00 00 00 00 00 00 00 00 
00 00 00 00 00 00 00 00 00 00 00 00 00 00 00 00 
00 00 00 00 00 00 00 00 00 00 00 00 00 00 00 00 
00 00 00 00 00 00 00 00 00 00 00 00 00 00 00 00 
00 00 00 00 00 00 00 00 00 00 00 00 00 00 00 00 
00 00 00 00 00 00 00 00 00 00 00 00 00 00 00 00 
00 00 00 00 00 00 00 00 00 00 00 00 00 00 00 00 
00 00 00 00 00 00 00 00 00 00 00 00 00 00 00 00 
00 00 00 00 00 00 00 00 00 00 00 00 00 00 00 00 
00 00 00 00 00 00 00 00 00 00 00 00 00 00 00 00 
00 00 00 00 00 00 00 00 00 00 00 00 00 00 00 00 
00 00 00 00 00 00 00 00 00 00 00 00 00 00 00 00 
00 00 00 00 00 00 00 00 00 00 00 00 00 00 00 00 
00 00 00 00 00 00 00 00 00 00 00 00 00 00 00 00 
00 00 00 00 00 00 00 00 00 00 00 00 00 00 00 00 
00 00 00 00 00 00 00 00 00 00 00 00 00 00 00 00 
00 00 00 00 00 00 00 00 00 00 00 00 00 00 00 00 
00 00 00 00 00 00 00 00 00 00 00 00 00 00 00 00 
00 00 00 00 00 00 00 00 00 00 00 00 00 00 00 00 
00 00 00 00 00 00 00 00 00 00 00 00 00 00 00 00 
00 00 00 00 00 00 00 00 00 00 00 00 00 00 00 00 
00 00 00 00 00 00 00 00 00 00 00 00 00 00 00 00 
00 00 00 00 00 00 00 00 00 00 00 00 00 00 00 00 
00 00 00 00 00 00 00 00 00 00 00 00 00 00 00 00 
00 00 00 00 00 00 00 00 00 00 00 00 00 00 00 00 
00 00 00 00 00 00 00 00 00 00 00 00 00 00 00 00 
00 00 00 00 00 00 00 00 00 00 00 00 00 00 00 00 
00 00 00 00 00 00 00 00 00 00 00 00 00 00 00 00 
00 00 00 00 00 00 00 00 00 00 00 00 00 00 00 00 
00 00 00 00 00 00 00 00 00 00 00 00 00 00 00 00 
00 00 00 00 00 00 00 00 00 00 00 00 00 00 00 00 
00 00 00 00 00 00 00 00 00 00 00 00 00 00 00 00 
00 00 00 00 00 00 00 00 00 00 00 00 00 00 00 00 
00 00 00 00 00 00 00 00 00 00 00 00 00 00 00 00 
00 00 00 00 00 00 00 00 00 00 00 00 00 00 00 00 
00 00 00 00 00 00 00 00 00 00 00 00 00 00 00 00 
00 00 00 00 00 00 00 00 00 00 00 00 00 00 00 00 
00 00 00 00 00 00 00 00 00 00 00 00 00 00 00 00 
00 00 00 00 00 00 00 00 00 00 00 00 00 00 00 00 
00 00 00 00 00 00 00 00 00 00 00 00 00 00 00 00 
00 00 00 00 00 00 00 00 00 00 00 00 00 00 00 00 
00 00 00 00 00 00 00 00 00 00 00 00 00 00 00 00 
00 00 00 00 00 00 00 00 00 00 00 00 00 00 00 00 
00 00 00 00 00 00 00 00 00 00 00 00 00 00 00 00 
00 00 00 00 00 00 00 00 00 00 00 00 00 00 00 00 
00 00 00 00 00 00 00 00 00 00 00 00 00 00 00 00 
00 00 00 00 00 00 00 00 00 00 00 00 00 00 00 00 
00 00 00 00 00 00 00 00 00 00 00 00 00 00 00 00 
00 00 00 00 00 00 00 00 00 00 00 00 00 00 00 00 
00 00 00 00 00 00 00 00 00 00 00 00 00 00 00 00 
00 00 00 00 00 00 00 00 00 00 00 00 00 00 00 00 
00 00 00 00 00 00 00 00 00 00 00 00 00 00 00 00 
00 00 00 00 00 00 00 00 00 00 00 00 00 00 00 00 
00 00 00 00 00 00 00 00 00 00 00 00 00 00 00 00 
00 00 00 00 00 00 00 00 00 00 00 00 00 00 00 00 
00 00 00 00 00 00 00 00 00 00 00 00 00 00 00 00 
00 00 00 00 00 00 00 00 00 00 00 00 00 00 00 00 
00 00 00 00 00 00 00 00 00 00 00 00 00 00 00 00 
00 00 00 00 00 00 00 00 00 00 00 00 00 00 00 00 
00 00 00 00 00 00 00 00 00 00 00 00 00 00 00 00 
00 00 00 00 00 00 00 00 00 00 00 00 00 00 00 00 
@8000
81 00 00 24 B1 13 E4 3C 0C 93 02 24 B1 13 40 25 
0C 43 B1 13 AE 3B 1C 43 B1 13 AE 3C 4F 14 B1 C0 
F0 00 14 00 B1 13 B2 1C 4B 16 00 13 4F 14 B1 13 
D2 3C 4B 16 00 13 32 D0 10 00 FD 3F 03 43 00 00 
89 11 12 23 9B 32 24 46 AD 57 36 65 BF 74 48 8C 
C1 9D 5A AF D3 BE 6C CA E5 DB 7E E9 F7 F8 81 10 
08 01 93 33 1A 22 A5 56 2C 47 B7 75 3E 64 C9 9C 
40 8D DB BF 52 AE ED DA 64 CB FF F9 76 E8 02 21 
8B 30 10 02 99 13 26 67 AF 76 34 44 BD 55 4A AD 
C3 BC 58 8E D1 9F 6E EB E7 FA 7C C8 F5 D9 83 31 
0A 20 91 12 18 03 A7 77 2E 66 B5 54 3C 45 CB BD 
42 AC D9 9E 50 8F EF FB 66 EA FD D8 74 C9 04 42 
8D 53 16 61 9F 70 20 04 A9 15 32 27 BB 36 4C CE 
C5 DF 5E ED D7 FC 68 88 E1 99 7A AB F3 BA 85 52 
0C 43 97 71 1E 60 A1 14 28 05 B3 37 3A 26 CD DE 
44 CF DF FD 56 EC E9 98 60 89 FB BB 72 AA 06 63 
8F 72 14 40 9D 51 22 25 AB 34 30 06 B9 17 4E EF 
C7 FE 5C CC D5 DD 6A A9 E3 B8 78 8A F1 9B 87 73 
0E 62 95 50 1C 41 A3 35 2A 24 B1 16 38 07 CF FF 
46 EE DD DC 54 CD EB B9 62 A8 F9 9A 70 8B 08 84 
81 95 1A A7 93 B6 2C C2 A5 D3 3E E1 B7 F0 40 08 
C9 19 52 2B DB 3A 64 4E ED 5F 76 6D FF 7C 89 94 
00 85 9B B7 12 A6 AD D2 24 C3 BF F1 36 E0 C1 18 
48 09 D3 3B 5A 2A E5 5E 6C 4F F7 7D 7E 6C 0A A5 
83 B4 18 86 91 97 2E E3 A7 F2 3C C0 B5 D1 42 29 
CB 38 50 0A D9 1B 66 6F EF 7E 74 4C FD 5D 8B B5 
02 A4 99 96 10 87 AF F3 26 E2 BD D0 34 C1 C3 39 
4A 28 D1 1A 58 0B E7 7F 6E 6E F5 5C 7C 4D 0C C6 
85 D7 1E E5 97 F4 28 80 A1 91 3A A3 B3 B2 44 4A 
CD 5B 56 69 DF 78 60 0C E9 1D 72 2F FB 3E 8D D6 
04 C7 9F F5 16 E4 A9 90 20 81 BB B3 32 A2 C5 5A 
4C 4B D7 79 5E 68 E1 1C 68 0D F3 3F 7A 2E 0E E7 
87 F6 1C C4 95 D5 2A A1 A3 B0 38 82 B1 93 46 6B 
CF 7A 54 48 DD 59 62 2D EB 3C 70 0E F9 1F 8F F7 
06 E6 9D D4 14 C5 AB B1 22 A0 B9 92 30 83 C7 7B 
4E 6A D5 58 5C 49 E3 3D 6A 2C F1 1E 78 0F 07 02 
01 00 01 C9 C3 80 08 13 00 63 61 60 67 4B 00 06 
11 00 02 00 52 00 05 11 00 01 03 60 05 11 01 01 
00 00 08 11 02 04 00 01 02 03 07 0D 11 10 09 00 
04 14 00 0F 31 00 00 00 00 09 11 11 05 00 03 BA 
67 54 7E 0B 11 12 07 00 80 01 08 FF FF 00 02 10 
11 12 0C 08 00 00 00 30 30 00 32 04 00 00 00 00 
10 11 12 0C 14 00 00 00 00 00 00 00 00 00 00 00 
00 10 11 12 0C 20 00 00 00 00 00 00 00 00 00 00 
00 00 0D 11 12 09 2C 00 00 00 00 00 00 00 00 00 
10 11 20 0C 00 03 00 07 01 77 00 05 C9 C3 80 00 
01 05 11 20 01 0C 5E 0C 11 20 08 18 01 80 08 03 
80 00 70 20 0D 11 20 09 22 01 87 01 4F 8B 00 A8 
02 C2 0B 11 20 07 2C 04 36 80 07 17 2A 80 05 11 
20 01 35 E2 0D 11 20 09 38 11 56 56 00 1A FF FF 
00 2A 0D 11 20 09 42 A4 02 D6 83 00 AD 01 80 FF 
05 11 20 01 4C 00 05 11 20 01 4E 40 05 11 20 01 
51 0A 10 11 21 0C 00 FF BA 0F 51 CF A9 C9 FC 1B 
1E 0F 01 10 11 21 0C 0C FC FD 15 FF 00 0F FF BA 
0F 51 CF A9 10 11 21 0C 18 C9 FC 1B 1E 0F 01 FC 
FD 15 FF 00 0F 08 11 22 04 00 08 7F 00 3D 0B 11 
23 07 00 2C 0E 0B 04 0C 73 03 10 11 30 0C 00 00 
00 00 00 00 00 00 00 00 00 00 00 0C 11 40 08 00 
39 09 2C 5F 00 00 20 FE 00 00 FF 48 0E C0 9A 0D 
70 BC 8E 2C 93 AD A7 B7 46 CE 5A 97 7D CC 32 A2 
BF 3E 0A 10 F1 88 94 CD EA B1 FE 90 1D 81 34 1A 
E1 79 1C 59 27 5B 4F 6E 8D 9C B5 2E FB 98 65 45 
7E 7C 14 21 E3 11 29 9B D5 63 FD 20 3B 02 68 35 
C2 F2 38 B2 4E B6 9E DD 1B 39 6A 5D F7 30 CA 8A 
FC F8 28 43 C6 22 53 37 AA C7 FA 40 76 04 D0 6B 
85 E4 71 64 9D 6D 3D BA 36 72 D4 BB EE 61 95 15 
F9 F0 50 87 8C 44 A6 6F 55 8F F4 80 EC 09 A0 D7 
0B C8 E2 C9 3A DA 7B 74 6C E5 A9 77 DC C3 2A 2B 
F3 E0 A1 0F 18 89 4C DE AB 1F E9 01 D8 13 41 AE 
17 91 C5 92 75 B4 F6 E8 D9 CB 52 EF B9 86 54 57 
E7 C1 42 1E 31 12 99 BD 56 3F D2 03 B0 26 83 5C 
2F 23 8B 24 EB 69 ED D1 B3 96 A5 DF 73 0C A8 AF 
CF 82 84 3C 62 25 33 7A AC 7F A4 07 60 4D 06 B8 
5E 47 16 49 D6 D3 DB A3 67 2D 4B BE E6 19 51 5F 
9F 05 08 78 C4 4A 66 F5 58 00 CD 49 3B 00 57 DA 
4D 00 9A 93 76 00 AE B4 9B 00 63 FD A0 00 F9 6E 
D6 00 34 27 ED 00 43 6F 6D 6D 75 6E 69 63 61 74 
69 6F 6E 73 00 00 36 39 6A 43 77 55 79 4B 00 00 
62 56 43 64 32 35 46 68 00 00 70 65 55 39 5A 47 
48 33 00 00 02 01 00 01 C9 C3 80 00 50 59 30 45 
46 53 00 00 10 10 10 20 20 20 20 00 2F 4F 6F 9F 
BF DF FF 00 1C 3C 5C 7C 9C BC DC 00 1F 3F 5F 7F 
9F BF DF 00 49 44 4C 45 00 00 AA DD 07 1C 00 00 
5D E6 2A 7E 76 38 01 00 B8 25 01 00 E4 3A 01 00 
01 0D 00 00 0F 1B 0A 00 FF F0 00 00 63 05 00 00 
40 85 00 00 64 21 00 00 4A 85 00 00 00 1C 00 00 
@ff80
FF FF FF FF FF FF FF FF FF FF FF FF FF FF FF FF 
@ffcc
36 80 36 80 36 80 36 80 36 80 36 80 36 80 36 80 
36 80 36 80 36 80 36 80 36 80 36 80 36 80 1C 80 
36 80 36 80 36 80 2C 80 36 80 36 80 36 80 36 80 
36 80 00 80 5A 14 B1 00 16 01 C6 0E C5 0D C8 0C 
49 43 0A 43 CF 08 AF 00 02 02 6E 4F 5F 4F 01 00 
47 18 0F 5F 0E DF 0E 93 2E 25 CF 08 AF 00 02 02 
6E 4F 5F 4F 01 00 47 18 0F 5F 0E DF 40 18 5F 42 
1A 85 0F 9E 20 29 01 3C 59 53 CF 08 AF 00 02 02 
6E 4F 5F 4F 01 00 47 18 0F 5F 0E DF 4F 49 40 18 
5F 4F 14 85 0F 9E F0 2B 77 40 0B 00 0F 43 2F 92 
0E 2C 1C 43 CE 0A 0A 5C 0D 4E CE 01 AE 00 04 00 
ED 0E FD 40 AA 00 00 00 1F 53 2F 92 F3 2B 0F 43 
2F 92 0F 2C 1C 43 CE 0A 0A 5C 0D 4E CE 01 AE 00 
04 00 ED 0E 40 18 DD 4F 30 85 00 00 1F 53 2F 92 
F2 2B 4F 49 5F 06 40 18 1F 4F AC 84 CE 0A 1A 43 
0A 5E 0D 4E CE 01 AE 00 04 00 ED 0E CD 4F 00 00 
4F 49 5F 06 40 18 1F 4F AA 84 8F 10 4F 4F CE 0A 
1A 43 0A 5E 0D 4E CE 01 AE 00 04 00 ED 0E CD 4F 
00 00 4F 49 5F 06 40 18 1F 4F AA 84 CE 0A 1A 43 
0A 5E 0D 4E CE 01 AE 00 04 00 ED 0E CD 4F 00 00 
CF 08 AF 00 02 02 5E 4F 01 00 47 18 0E 5E 6E DF 
4F 49 40 18 5F 4F 14 85 4F 8E 7F F0 1F 00 CE 01 
AE 00 04 00 0D 4A ED 0E CD 4F 00 00 CE 01 AE 00 
04 00 0F 4A EF 0E 5E 48 01 00 44 18 4E 5E CF DE 
00 00 1A 53 0F 43 0E 3C CE 0A 1A 43 0A 5E 0D 4E 
CE 01 AE 00 04 00 ED 0E 0E 4F EE 08 DD 4E 02 00 
00 00 1F 53 CE 08 AE 00 02 02 6D 4E 5E 4E 01 00 
47 18 0E 5E 0D DE 0F 9D E7 2B CF 01 AF 00 04 00 
4E 47 0C 4E EC 0F CE 08 AE 00 02 02 6F 4E 5D 4E 
01 00 47 18 0D 5D 0D DF 1D 53 B1 13 16 36 CF 0A 
1A 43 0A 5F 0E 4F CF 01 AF 00 04 00 EE 0F CF 0C 
8F 10 CE 4F 00 00 CF 0A 1A 43 0A 5F 0E 4F CF 01 
AF 00 04 00 EE 0F CE 4C 00 00 CF 08 AF 00 02 02 
6E 4F 5F 4F 01 00 47 18 0F 5F 0F DE 3F 50 03 00 
0B 3C CE 0A 1A 43 0A 5E 0D 4E CE 01 AE 00 04 00 
ED 0E CD 43 00 00 1F 53 4E 49 40 18 5E 4E 1C 85 
0F 9E EF 2B 4C 49 3D 40 1A 00 B1 13 B4 3A 4C 0E 
4C 0D AC 00 E2 1F CF 01 AF 00 04 00 4E 47 0D 4E 
ED 0F CF 01 AF 00 04 00 0E 4A EE 0F B1 13 7A 3B 
4F 49 40 18 5F 4F 04 85 0A 5F 0F 43 0C 3C 4E 47 
0E 5F 0E 4E CD 01 AD 00 04 00 EE 0D 40 18 DE EF 
AA 83 00 00 1F 53 4E 49 40 18 5E 4E 0C 85 0F 9E 
EE 2B 71 06 00 00 6E 48 CC 01 AC 00 04 00 CD 0A 
CF 05 B1 13 98 34 A1 00 16 01 55 16 10 01 3A 14 
B1 00 0A 02 C7 0E C8 0F CA 0D C9 0C 81 43 08 02 
81 43 00 00 2C 00 42 21 0D 43 3E 40 64 00 0F 43 
B1 13 CC 04 1C 93 10 20 CC 07 CD 08 CE 01 AE 00 
08 00 B1 13 F8 2E 81 43 00 00 2C 00 42 21 0D 43 
0E 43 0F 43 B1 13 3C 0A C8 01 A8 00 08 00 0A 93 
02 34 3A 43 01 3C 2A F8 71 09 00 00 71 01 04 00 
00 18 F1 50 08 02 04 00 1C 43 1D 43 CE 08 6F 43 
B1 13 E8 32 71 09 00 00 71 01 04 00 00 18 F1 50 
08 02 04 00 EE 03 1C 43 1D 43 6F 42 B1 13 E8 32 
71 09 00 00 71 01 04 00 00 18 F1 50 08 02 04 00 
CE 08 AE 00 06 00 CC 0A 1D 43 7F 40 06 00 B1 13 
E8 32 71 09 00 00 71 01 04 00 00 18 F1 50 08 02 
04 00 CE 08 AE 00 0C 00 CC 0A 2D 43 7F 40 0C 00 
B1 13 E8 32 71 09 00 00 71 01 04 00 00 18 F1 50 
08 02 04 00 CE 08 AE 00 18 00 CC 0A 2D 42 7F 40 
06 00 B1 13 E8 32 71 09 00 00 71 01 04 00 00 18 
F1 50 08 02 04 00 CE 08 AE 00 1E 00 CC 0A 3D 42 
7F 40 0C 00 B1 13 E8 32 71 09 00 00 71 01 04 00 
00 18 F1 50 08 02 04 00 CE 08 AE 00 2A 00 CC 0A 
3D 40 10 00 7F 40 13 00 B1 13 E8 32 71 09 00 00 
71 01 04 00 00 18 F1 50 08 02 04 00 CE 08 AE 00 
3D 00 CC 0A 3D 40 20 00 7F 40 12 00 B1 13 E8 32 
71 09 00 00 71 01 04 00 00 18 F1 50 08 02 04 00 
CE 08 AE 00 4F 00 CC 0A 3D 40 40 00 7F 42 B1 13 
E8 32 71 09 00 00 71 01 04 00 00 18 F1 50 08 02 
04 00 CE 08 AE 00 57 00 CC 0A 3D 40 80 00 7F 40 
15 00 B1 13 E8 32 71 09 00 00 71 01 04 00 00 18 
F1 50 08 02 04 00 CE 08 AE 00 6C 00 CC 0A 3D 40 
00 01 7F 40 15 00 B1 13 E8 32 71 09 00 00 71 01 
04 00 00 18 F1 50 08 02 04 00 CE 08 AE 00 81 00 
CC 0A 3D 40 00 02 5F 43 B1 13 E8 32 71 09 00 00 
71 01 04 00 00 18 F1 50 08 02 04 00 CE 08 AE 00 
82 00 CC 0A 3D 40 00 04 7F 40 40 00 B1 13 E8 32 
71 09 00 00 71 01 04 00 00 18 F1 50 08 02 04 00 
CE 08 AE 00 C2 00 CC 0A 3D 40 00 08 7F 40 07 00 
B1 13 E8 32 1C 41 08 02 A1 00 0A 02 37 16 10 01 
4A 14 B1 00 0A 00 81 4E 06 00 81 4F 08 00 C7 0D 
16 41 22 00 08 43 C9 0C D9 03 DF 24 D7 03 03 20 
89 93 38 00 D6 20 B1 13 CC 3A 0C 93 3E 20 81 93 
08 00 03 20 81 93 06 00 38 24 32 C2 03 43 03 43 
FF 3F CC 09 B1 13 42 36 0C 93 2A 24 00 18 C9 93 
00 00 13 20 32 C2 03 43 03 43 92 53 92 21 3C 09 
04 00 B1 13 7A 20 82 93 92 21 07 24 92 83 92 21 
04 20 03 43 32 D2 03 43 03 43 CC 09 AC 00 22 00 
1D 41 06 00 1E 41 08 00 B1 13 5C 35 CC 09 B1 13 
A0 1E B1 13 D0 16 0C 93 08 20 B1 13 0E 1D 05 3C 
CC 09 B1 13 A0 1E B1 13 D0 16 32 C2 03 43 03 43 
92 53 92 21 1A 49 34 00 0A 93 51 20 81 93 08 00 
0F 20 81 93 06 00 0C 20 82 93 92 21 07 24 92 83 
92 21 04 20 03 43 32 D2 03 43 03 43 0C 43 81 3C 
08 93 04 20 CC 01 B1 13 90 39 18 43 82 93 92 21 
07 24 92 83 92 21 04 20 03 43 32 D2 03 43 03 43 
B1 13 DE 3C 32 C2 03 43 03 43 92 53 92 21 F9 93 
3A 00 02 20 C9 43 3A 00 F9 93 3B 00 02 20 C9 43 
3B 00 82 93 92 21 07 24 92 83 92 21 04 20 03 43 
32 D2 03 43 03 43 CC 01 CD 01 AD 00 06 00 B1 13 
08 1C 0C 93 7E 27 CC 09 B1 13 A0 1E B1 13 D0 16 
CC 09 B1 13 42 36 0C 93 A8 27 0C 43 42 3C 38 09 
0C 00 CC 09 CD 07 B1 13 30 34 06 93 18 20 1A 83 
89 4A 34 00 00 18 C9 93 00 00 04 20 B1 13 30 3A 
79 0C 04 00 89 93 10 00 18 24 CC 09 AC 00 10 00 
B1 13 BE 22 0C 93 11 24 B1 13 0E 1D 0E 3C 79 08 
0C 00 89 93 22 00 09 24 CC 09 AC 00 22 00 B1 13 
BE 22 0C 93 02 24 B1 13 0E 1D 82 93 92 21 07 24 
92 83 92 21 04 20 03 43 32 D2 03 43 03 43 1C 43 
08 3C 32 C2 03 43 03 43 FF 3F 32 C2 03 43 03 43 
FF 3F A1 00 0A 00 46 16 10 01 2A 14 C9 0E C8 0D 
CA 0C 5F 42 62 21 0F 93 CD 24 1F 83 D0 24 1F 83 
84 24 1F 83 DA 20 1F 42 F8 20 40 18 5A EF AA 83 
00 18 5F 52 2C 85 CF 4A 00 00 92 53 F8 20 B2 90 
0A 00 F8 20 02 20 B1 13 FC 3C 5F 42 F2 20 40 18 
5F 4F 0C 85 82 9F F8 20 C0 20 7C 43 B1 13 00 3D 
C2 43 62 21 2F 00 2C 85 6E 4F 3E F0 1F 00 5F 42 
F2 20 40 18 5F 4F 14 85 0F 8E 8E 00 08 1E CE 4F 
00 00 8F 10 CE 4F 01 00 0A 43 3A 93 46 24 6F 4E 
5D 4E 01 00 47 18 0D 5D 0D DF 1D 53 2C 00 2C 85 
B1 13 16 36 8F 00 08 1E 6E 4F 5F 4F 01 00 47 18 
0F 5F 0E DF 1E 53 0F 4E 00 18 5F 52 2C 85 6F 4F 
47 18 0F 5F 8E 00 08 1E 6D 4E 5E 4E 01 00 47 18 
0E 5E 0D DE 2D 53 0E 4D 00 18 5E 52 2C 85 6E 4E 
0E DF 0C 9E 1A 20 C2 4A 06 1C 2F 00 2C 85 6F 4F 
44 19 0F 10 C2 4F 07 1C B1 13 EC 3C C2 4C 04 1C 
B1 13 F0 3C C2 4C 05 1C 4C 43 8D 00 00 1C CE 08 
CF 09 B1 13 E8 2B 4C 43 61 3C 5C 43 0D 43 0E 43 
0F 43 B1 13 E8 2B 5C 43 59 3C 1C 42 F4 20 1D 42 
F6 20 B1 13 22 31 4A 4A 0C DA 82 4C F4 20 82 4D 
F6 20 C2 43 F2 20 F2 90 07 00 F2 20 26 2C 5F 42 
F2 20 5F 06 40 18 1E 4F AA 84 40 18 1F 4F AC 84 
1C 42 F4 20 1D 42 F6 20 B1 13 74 32 4C 93 07 20 
D2 53 F2 20 F2 90 07 00 F2 20 E9 2B 0E 3C F2 40 
03 00 62 21 82 43 F8 20 5F 42 F2 20 3C 40 03 00 
40 18 5C 5F 0C 85 B1 13 00 3D F2 90 03 00 62 21 
1C 24 6C 43 0D 43 0E 43 0F 43 B1 13 E8 2B C2 43 
62 21 13 3C 00 18 C2 43 F4 20 B1 13 FE 3C 1C 42 
F4 20 1D 42 F6 20 B1 13 22 31 4A 4A 0C DA 82 4C 
F4 20 82 4D F6 20 D2 53 62 21 6C 43 28 16 10 01 
4A 14 B1 00 6A 02 CD 0C CC 01 3E 40 E6 00 0F 43 
B1 13 C0 31 B1 13 44 31 4C 4C 3C F0 F0 FF 3C 90 
30 00 C2 24 F1 40 12 00 C2 01 0F 43 CE 01 AE 00 
C2 01 CD 0F 1D 53 0D 4D ED 0E FD 40 30 00 00 00 
1F 53 F4 27 CE 01 AE 00 C3 01 0C 4F EC 0E 8D 00 
FC 84 3E 40 06 00 0F 43 B1 13 C0 31 0F 43 3F 90 
07 00 12 2C CD 01 AD 00 01 00 0E 4F EE 0D CD 01 
AD 00 C2 01 CC 0F 3C 52 0C 4C EC 0D EC 4E 00 00 
1F 53 3F 90 07 00 EE 2B CD 01 AD 00 08 00 CC 01 
AC 00 62 02 B1 13 2E 26 17 41 62 02 1A 41 64 02 
1E 41 66 02 1F 41 68 02 81 47 62 02 81 4A 64 02 
81 4E 66 02 81 4F 68 02 CC 01 AC 00 62 02 B1 13 
8C 2C C8 0C C9 0D CF 0A 4E 4F 3F F0 00 FF 4A 4E 
1A 83 4A C3 0A DF 4E 93 59 24 CE 08 CF 09 18 53 
09 63 CC 01 AC 00 E6 00 3D 43 B1 13 8A 02 C6 0C 
0F 43 0F 96 12 2C CD 01 AD 00 E6 00 0E 4F EE 0D 
CD 01 AD 00 C2 01 CC 0F 3C 50 0F 00 0C 4C EC 0D 
EC 4E 00 00 1F 53 0F 96 EE 2B 06 93 37 24 B1 13 
38 32 3D 40 0F 00 0D 56 CC 01 AC 00 C2 01 B1 13 
3A 2C 2C 3C CD 07 CE 08 CF 09 18 53 09 63 CC 01 
AC 00 E6 00 B1 13 8A 02 C6 0C 0F 43 0F 96 12 2C 
CD 01 AD 00 E6 00 0E 4F EE 0D CD 01 AD 00 C2 01 
CC 0F 3C 50 0F 00 0C 4C EC 0D EC 4E 00 00 1F 53 
0F 96 EE 2B 06 93 0A 24 B1 13 38 32 3D 40 0F 00 
0D 56 CC 01 AC 00 C2 01 B1 13 3A 2C CF 0A 4E 4F 
3F F0 00 FF 4A 4E 1A 83 4A C3 0A DF 4E 93 CA 23 
CC 08 CD 09 B1 13 82 29 A1 00 6A 02 46 16 10 01 
3A 14 B1 00 0A 00 81 4E 06 00 81 4F 08 00 C7 0D 
18 41 1E 00 09 43 CA 0C DA 03 B6 24 D7 03 03 20 
8A 93 38 00 AD 20 28 93 03 20 9A 93 36 00 A4 20 
B1 13 CC 3A 0C 93 73 20 81 93 08 00 03 20 81 93 
06 00 6D 24 32 C2 03 43 03 43 FF 3F 81 93 08 00 
0F 20 81 93 06 00 0C 20 82 93 92 21 07 24 92 83 
92 21 04 20 03 43 32 D2 03 43 03 43 0C 43 90 3C 
09 93 04 20 CC 01 B1 13 90 39 19 43 82 93 92 21 
07 24 92 83 92 21 04 20 03 43 32 D2 03 43 03 43 
B1 13 DE 3C 32 C2 03 43 03 43 92 53 92 21 FA 93 
3A 00 02 20 CA 43 3A 00 FA 93 3B 00 02 20 CA 43 
3B 00 82 93 92 21 07 24 92 83 92 21 04 20 03 43 
32 D2 03 43 03 43 CC 01 CD 01 AD 00 06 00 B1 13 
08 1C 0C 93 07 24 CC 0A B1 13 A0 1E B1 13 D0 16 
0C 43 56 3C CC 0A B1 13 BA 35 0C 93 13 24 CC 0A 
AC 00 10 00 1D 41 06 00 1E 41 08 00 B1 13 5C 35 
CC 0A B1 13 A0 1E B1 13 D0 16 0C 93 08 20 B1 13 
0E 1D 05 3C CC 0A B1 13 A0 1E B1 13 D0 16 32 C2 
03 43 03 43 92 53 92 21 9A 9A 36 00 34 00 02 28 
28 93 8C 23 CC 0A CD 07 CE 08 B1 13 40 1F 8A 93 
22 00 05 20 0C 93 0C 24 B1 13 0E 1D 09 3C CC 0A 
AC 00 22 00 B1 13 BE 22 0C 93 02 24 B1 13 0E 1D 
82 93 92 21 07 24 92 83 92 21 04 20 03 43 32 D2 
03 43 03 43 1C 43 0C 3C 32 C2 03 43 03 43 FF 3F 
32 C2 03 43 03 43 FF 3F 32 C2 03 43 03 43 FF 3F 
A1 00 0A 00 37 16 10 01 B1 00 06 00 3C 40 05 00 
3D 40 06 00 4E 43 B1 13 94 2B 60 0C 2E 21 3C 40 
05 00 3D 40 0C 00 4E 43 B1 13 94 2B 60 0C 1E 21 
3C 40 05 00 3D 40 06 00 4E 43 B1 13 94 2B 60 0C 
2A 21 3C 40 05 00 2D 42 4E 43 B1 13 94 2B 60 0C 
32 21 3C 40 05 00 3D 40 0C 00 4E 43 B1 13 94 2B 
60 0C 3E 21 1C 43 3D 40 13 00 4E 43 B1 13 94 2B 
60 0C 26 21 3C 40 05 00 3D 40 45 00 4E 43 B1 13 
94 2B 60 0C 0E 21 1C 43 1D 43 4E 43 B1 13 94 2B 
60 0C 5A 21 1C 43 1D 43 4E 43 B1 13 94 2B 60 0C 
5E 21 3C 40 05 00 3D 40 40 00 4E 43 B1 13 94 2B 
60 0C 3A 21 3C 40 05 00 3D 40 07 00 4E 43 B1 13 
94 2B 60 0C 36 21 1C 43 1D 43 4E 43 B1 13 94 2B 
60 0C 46 21 1C 43 1D 43 4E 43 B1 13 94 2B 60 0C 
56 21 3C 40 05 00 1D 43 4E 43 B1 13 94 2B 60 0C 
06 21 1C 43 1D 43 4E 43 B1 13 94 2B 60 0C 52 21 
1C 43 1D 43 4E 43 B1 13 94 2B 60 0C 4E 21 1C 43 
1D 43 4E 43 B1 13 94 2B 60 0C 4A 21 1C 43 1D 43 
4E 43 B1 13 94 2B 60 0C 0A 21 5C 43 B1 13 3C 3B 
60 0C 42 21 5C 43 B1 13 3C 3B 60 0C 1A 21 5C 43 
B1 13 3C 3B 60 0C 16 21 5C 43 B1 13 3C 3B 60 0C 
12 21 B1 40 05 00 00 00 00 18 F1 40 02 21 02 00 
8C 01 AE 0E 8D 00 C6 84 3E 40 FE 01 0F 43 B1 13 
34 22 A1 00 06 00 10 01 B1 00 E8 03 CD 0C CC 01 
EC 03 3E 40 E6 00 0F 43 B1 13 C0 31 1F 41 E6 00 
1F 83 CC 01 AC 00 D8 01 CD 01 AD 00 0B 00 3E 42 
0F 43 B1 13 C0 31 CC 01 AC 00 D8 01 7E 40 03 00 
B1 13 FC 19 4C 93 92 24 F1 40 17 00 C4 01 0F 43 
CE 01 AE 00 C4 01 CD 0F 1D 53 0D 4D ED 0E FD 40 
30 00 00 00 1F 53 F4 27 CE 01 AE 00 C5 01 0C 4F 
EC 0E 8D 00 FC 84 3E 40 06 00 0F 43 B1 13 C0 31 
0F 43 3F 90 07 00 12 2C CD 01 AD 00 03 00 0E 4F 
EE 0D CD 01 AD 00 C4 01 CC 0F 3C 52 0C 4C EC 0D 
EC 4E 00 00 1F 53 3F 90 07 00 EE 2B C1 43 D3 01 
D1 41 0A 00 D4 01 CC 01 AC 00 E2 01 CD 01 AD 00 
C4 01 7E 40 11 00 B1 13 0A 30 CC 01 AC 00 E2 01 
CD 01 AD 00 E8 00 CE 01 AE 00 E0 01 B1 13 00 00 
CC 01 AC 00 F0 00 1D 41 E0 01 3D 82 B1 13 9A 12 
B1 13 9A 36 D1 41 0A 00 E6 03 B1 13 44 31 4C 4C 
3C F0 0F 00 1C 93 32 20 C1 93 E6 03 1F 24 F1 90 
1F 00 E6 03 0C 2C 81 43 00 00 2C 00 06 21 CD 01 
AD 00 E6 03 0E 43 0F 43 B1 13 3C 0A 1F 3C F1 40 
0A 00 E6 03 81 43 00 00 2C 00 06 21 CD 01 AD 00 
E6 03 0E 43 0F 43 B1 13 3C 0A 10 3C 2C 00 06 21 
0D 43 B1 13 5E 1B 91 43 00 00 2C 00 06 21 CD 01 
AD 00 E6 03 0E 43 0F 43 B1 13 3C 0A A1 00 E8 03 
10 01 1A 14 B1 00 6A 01 B1 13 B6 37 81 4C 66 01 
81 4D 68 01 09 43 E2 D3 02 02 B1 13 E2 38 5C 93 
0F 20 B1 13 26 3B B1 13 62 3C B1 13 9A 36 08 3C 
CC 01 AC 00 66 01 3D 40 F4 01 0E 43 B1 13 B0 1A 
B1 13 44 31 3A 40 F0 00 4A FC CC 01 AC 00 E6 00 
B1 13 F0 27 7C 92 4E 28 4E 4C CC 01 CD 01 AD 00 
E6 00 B1 13 A2 26 6F 41 3F 80 20 00 3F 90 0A 00 
3E 2C 5F 06 4F 0E 4F 0D 80 18 50 4F 2A 0F 6E 0F 
01 00 60 0F 01 00 94 0F 01 00 8C 0F 01 00 84 0F 
01 00 52 0F 01 00 9A 0F 01 00 9A 0F 01 00 9A 0F 
01 00 7C 0F 01 00 7A 90 10 00 21 20 CC 01 B1 13 
5C 11 1D 3C 7A 90 10 00 1A 20 CC 01 B1 13 8C 08 
16 3C 7A 90 10 00 13 20 CC 01 B1 13 7E 18 0F 3C 
CC 01 B1 13 44 0D 0B 3C CC 01 B1 13 DA 14 07 3C 
CC 01 B1 13 86 27 03 3C CC 01 B1 13 10 10 CC 01 
B1 13 FE 1D B1 13 44 31 4C 4C 3C F0 F0 00 3C 90 
10 00 1A 20 B1 13 44 31 3F 40 0F 00 4C FF 4C 4C 
1C 83 2C 93 07 28 2C 83 02 24 3F 43 05 3C 3F 40 
F0 00 02 3C 3F 40 78 00 19 53 0F 99 05 2C B1 13 
38 32 B1 13 58 1D 09 43 B1 13 B6 37 3E 40 F4 01 
0F 43 1E 51 66 01 1F 61 68 01 0F 9D 03 28 70 23 
0E 9C 6E 2F B1 13 B6 37 81 4C 66 01 81 4D 68 01 
6F 3F 03 43 B1 00 E8 03 CD 0C CC 01 EC 03 3E 40 
E6 00 0F 43 B1 13 C0 31 1F 41 E6 00 2F 83 CC 01 
AC 00 D8 01 CD 01 AD 00 0C 00 3E 42 0F 43 B1 13 
C0 31 CC 01 AC 00 D8 01 4E 43 B1 13 FC 19 4C 93 
84 24 F1 40 13 00 C4 01 0F 43 CE 01 AE 00 C4 01 
CD 0F 1D 53 0D 4D ED 0E FD 40 30 00 00 00 1F 53 
F4 27 CE 01 AE 00 C5 01 0C 4F EC 0E 8D 00 FC 84 
3E 40 06 00 0F 43 B1 13 C0 31 0F 43 3F 90 07 00 
12 2C CD 01 AD 00 03 00 0E 4F EE 0D CD 01 AD 00 
C4 01 CC 0F 3C 52 0C 4C EC 0D EC 4E 00 00 1F 53 
3F 90 07 00 EE 2B D1 41 0A 00 D3 01 D1 41 0B 00 
D4 01 CC 01 AC 00 E2 01 CD 01 AD 00 C4 01 7E 40 
11 00 B1 13 0A 30 CC 01 AC 00 E2 01 CD 01 AD 00 
E8 00 CE 01 AE 00 E0 01 B1 13 00 00 CC 01 AC 00 
F0 00 1D 41 E0 01 3D 82 B1 13 9A 12 B1 13 9A 36 
F1 40 11 00 E6 03 A1 43 00 00 2C 00 5A 21 CD 01 
AD 00 E6 03 0E 43 0F 43 B1 13 3C 0A 81 43 00 00 
2C 00 12 21 0D 43 3E 43 3F 43 B1 13 CC 04 7C 40 
30 00 B1 13 C6 33 5C 41 0A 00 47 18 0C 5C 5F 41 
0B 00 0C DF B1 13 56 3C 81 43 00 00 2C 00 12 21 
0D 43 0E 43 0F 43 B1 13 3C 0A A1 00 E8 03 10 01 
B1 00 08 04 CD 0C CC 01 3E 40 E6 00 0F 43 B1 13 
C0 31 B1 13 44 31 4C 4C 3C F0 F0 FF 3C 90 30 00 
8B 24 F1 40 15 00 C2 01 0E 43 CF 01 AF 00 C2 01 
CD 0E 1D 53 0D 4D ED 0F FD 40 30 00 00 00 1E 53 
F4 27 CF 01 AF 00 C3 01 0C 4E EC 0F 8D 00 FC 84 
3E 40 06 00 0F 43 B1 13 C0 31 0E 43 3E 90 07 00 
12 2C CD 01 AD 00 01 00 0F 4E EF 0D CD 01 AD 00 
C2 01 CC 0E 3C 52 0C 4C EC 0D EC 4F 00 00 1E 53 
3E 90 07 00 EE 2B 0E 43 3E 90 07 00 13 2C CD 01 
AD 00 08 00 0F 4E EF 0D CD 01 AD 00 C2 01 CC 0E 
3C 50 0F 00 0C 4C EC 0D EC 4F 00 00 1E 53 3E 90 
07 00 ED 2B 1E 41 E4 00 CF 0E 3F 80 07 00 3F 90 
27 00 02 28 3F 40 26 00 0E 43 0E 9F 15 2C CC 01 
AC 00 08 00 CD 0E 3D 50 07 00 0D 4D ED 0C CC 01 
AC 00 C2 01 CB 0E 3B 50 16 00 0B 4B EB 0C EB 4D 
00 00 1E 53 0E 9F EB 2B 3E 40 16 00 4E 5F CC 01 
AC 00 04 02 CD 01 AD 00 C2 01 B1 13 0A 30 CC 01 
AC 00 04 02 CD 01 AD 00 E6 00 CE 01 AE 00 02 02 
B1 13 00 00 CC 01 AC 00 EE 00 1D 41 02 02 3D 82 
B1 13 9A 12 B1 13 9A 36 A1 00 08 04 10 01 3A 14 
B1 00 32 00 CA 0D C8 0C 3A 90 81 00 04 2C 4D 4A 
B1 13 94 2A 82 3C C1 4A 30 00 CF 0A 8F 10 C1 4F 
31 00 3A 90 00 01 08 28 CD 01 AD 00 31 00 3C 40 
0D 12 5E 43 B1 13 7C 2D 3C 40 0E 12 CD 01 AD 00 
30 00 5E 43 B1 13 7C 2D B1 13 9C 3A CC 08 7D 40 
80 00 B1 13 8E 37 39 40 80 00 B1 13 DE 37 37 40 
20 4E B1 13 3E 37 17 83 37 93 56 24 B1 13 EE 3B 
4C 93 1E 24 CD 0A 0D 89 3D 90 31 00 23 28 4F 43 
7F 90 30 00 0E 2C 1B 43 CE 09 09 5B 0E 4E EE 08 
CD 01 4C 4F EC 0D EC 4E 00 00 5F 53 7F 90 30 00 
F3 2B CC 01 7D 40 30 00 B1 13 8E 37 37 40 20 4E 
0D 14 3D 40 32 00 1D 83 FE 23 0D 16 17 83 37 93 
D5 23 2A 3C 4F 43 4E 4F 0E 9D 0E 2C 1A 43 CE 09 
09 5A 0E 4E EE 08 CC 01 4B 4F EB 0C EB 4E 00 00 
5F 53 4E 4F 0E 9D F3 2B 4D 4D CC 01 B1 13 8E 37 
37 40 20 4E 17 83 37 93 0F 24 B1 13 C4 36 4C 93 
02 24 5C 43 0A 3C 0D 14 3D 40 FE 01 1D 83 FE 23 
0D 16 17 83 37 93 F1 23 4C 43 A1 00 32 00 37 16 
10 01 3A 14 07 43 82 93 84 21 80 20 18 43 09 43 
18 52 6C 21 19 62 6E 21 82 48 6C 21 82 49 6E 21 
09 93 18 20 08 93 16 20 2F 00 FA 20 8F 93 00 00 
0D 20 2F 00 FA 20 00 18 D2 42 FE 20 FA 20 60 0F 
FE 20 92 53 78 21 B1 13 E8 35 04 3C 32 C2 03 43 
03 43 FF 3F 19 92 7E 21 4C 28 2E 20 18 92 7C 21 
48 28 2A 3C CC 0A AC 00 04 00 B1 13 AE 32 00 18 
CA 93 28 00 05 24 CC 0A AC 00 18 00 B1 13 AE 32 
92 9A 2C 00 70 21 03 2C 92 4A 2C 00 70 21 1C 4A 
2C 00 3D 40 12 00 B1 13 B4 3A 0C 4C AC 00 0A 1E 
CD 0A AD 00 04 00 B1 13 50 38 2F 00 64 21 9A 9F 
2C 00 2C 00 01 28 17 43 2F 00 FA 20 8F 93 00 00 
14 24 2F 00 FA 20 3F 0F 0A 00 3A 0F 0C 00 1E 4A 
04 00 1F 4A 06 00 09 9F 03 28 C4 23 08 9E C2 2F 
82 4E 7C 21 82 4F 7E 21 04 3C B2 43 7C 21 B2 43 
7E 21 2F 00 64 21 1C 4F 2C 00 3D 40 12 00 B1 13 
B4 3A AC 93 0A 1E 04 28 17 43 02 3C 92 53 74 21 
82 93 76 21 01 24 17 43 CC 07 37 16 10 01 B1 00 
E8 03 CD 0C CC 01 EC 03 3E 40 E6 00 0F 43 B1 13 
C0 31 CC 01 AC 00 D8 01 CD 01 AD 00 0A 00 3E 42 
0F 43 B1 13 C0 31 CC 01 AC 00 D8 01 6E 43 B1 13 
FC 19 4C 93 5F 24 F1 40 14 00 C4 01 0F 43 CE 01 
AE 00 C4 01 CD 0F 1D 53 0D 4D ED 0E FD 40 30 00 
00 00 1F 53 F4 27 CE 01 AE 00 C5 01 0C 4F EC 0E 
8D 00 FC 84 3E 40 06 00 0F 43 B1 13 C0 31 0F 43 
3F 90 07 00 12 2C CD 01 AD 00 03 00 0E 4F EE 0D 
CD 01 AD 00 C4 01 CC 0F 3C 52 0C 4C EC 0D EC 4E 
00 00 1F 53 3F 90 07 00 EE 2B CC 01 AC 00 E2 01 
CD 01 AD 00 C4 01 7E 40 0F 00 B1 13 0A 30 CC 01 
AC 00 E2 01 CD 01 AD 00 E8 00 CE 01 AE 00 E0 01 
B1 13 00 00 CC 01 AC 00 F0 00 1D 41 E0 01 3D 82 
B1 13 9A 12 B1 13 9A 36 F1 40 C1 00 E6 03 A1 43 
00 00 2C 00 0A 21 CD 01 AD 00 E6 03 0E 43 0F 43 
B1 13 3C 0A A1 00 E8 03 10 01 6A 14 B1 00 04 00 
C5 0E CA 0F C7 0D 71 0C 00 00 39 01 2E 00 36 01 
2A 00 18 41 28 00 34 01 24 00 3C 09 2E 00 5E 02 
0F 6F 5E 02 0F 6F 3D 40 A5 00 B1 13 D4 39 0F 18 
4A 5A 00 18 4A D5 BA 00 01 00 4A 06 00 18 5A 59 
2E 00 80 1F 7A F0 FE FF 1A B3 4C 20 0F 43 3F 90 
0F 00 0F 2C 0E 4F EE 07 0D 4F ED 09 ED 4E 32 00 
0E 4F EE 07 CE 93 00 00 04 24 1F 53 3F 90 0F 00 
F1 2B CF 09 AF 00 32 00 CF 43 0E 00 38 90 0F 00 
02 28 38 40 0E 00 89 48 2C 00 89 48 42 00 89 43 
44 00 CC 09 AC 00 04 00 B1 13 A6 3C CC 09 AC 00 
18 00 B1 13 A6 3C 79 09 10 00 3E 40 0F 00 0F 43 
0E 88 0F 73 89 4E 18 00 89 4F 1A 00 79 09 24 00 
00 18 C9 43 46 00 C9 43 4A 00 CC 0A 3D 01 00 00 
CE 04 B1 13 BE 38 79 0C 00 00 D6 03 07 24 76 09 
00 00 04 3C 32 C2 03 43 03 43 FF 3F A1 00 04 00 
64 16 10 01 1A 14 0A 43 09 43 82 93 84 21 60 24 
32 C2 03 43 03 43 92 53 92 21 92 83 84 21 82 93 
84 21 4A 20 82 93 6A 21 47 24 2B 3C 2F 00 C6 20 
3A 0F 0C 00 CC 0A AC 00 18 00 B1 13 AE 32 CC 0A 
AC 00 04 00 B1 13 AE 32 92 9A 2C 00 70 21 03 2C 
92 4A 2C 00 70 21 1C 4A 2C 00 3D 40 12 00 B1 13 
B4 3A 0C 4C AC 00 0A 1E CD 0A AD 00 04 00 B1 13 
50 38 2F 00 64 21 9A 9F 2C 00 2C 00 02 28 92 43 
76 21 82 93 BC 20 D2 23 DA 03 02 24 B1 13 E8 35 
1A 42 74 21 0A 93 0A 24 B1 13 BE 13 0C 93 02 24 
92 43 76 21 1A 83 F8 23 82 43 74 21 82 93 76 21 
03 24 19 43 B1 13 0E 1D 82 93 92 21 07 24 92 83 
92 21 04 20 03 43 32 D2 03 43 03 43 CC 09 04 3C 
32 C2 03 43 03 43 FF 3F 19 16 10 01 82 93 84 21 
65 20 82 43 76 21 2F 00 64 21 3F 0F 2E 00 BF 90 
A5 A5 02 00 1C 20 BF 90 A5 A5 00 00 18 20 BF 90 
A5 A5 06 00 14 20 BF 90 A5 A5 04 00 10 20 BF 90 
A5 A5 0A 00 0C 20 BF 90 A5 A5 08 00 08 20 BF 90 
A5 A5 0E 00 04 20 BF 90 A5 A5 0C 00 09 24 3D 40 
32 00 00 18 5D 52 64 21 2C 00 64 21 B1 13 94 3C 
1B 42 70 21 07 3C 0B 93 04 20 32 C2 03 43 03 43 
FF 3F 1B 83 CC 0B 3D 40 12 00 B1 13 B4 3A 8C 93 
0A 1E F1 27 CC 0B 3D 40 12 00 B1 13 B4 3A 0F 4C 
AF 00 0A 1E 3E 0F 02 00 00 18 DF 4E 04 00 02 00 
CE 0F AE 00 06 00 00 18 CF 9E 02 00 06 20 3E 0F 
02 00 00 18 DF 4E 04 00 02 00 3F 0F 02 00 00 18 
D2 4F 0C 00 64 21 82 4B 70 21 02 3C 92 43 76 21 
10 01 B1 00 D8 03 CD 0C CC 01 3E 40 E6 00 0F 43 
B1 13 C0 31 B1 13 44 31 4C 4C 3C F0 F0 FF 3C 90 
30 00 51 24 F1 40 11 00 C2 01 0F 43 CE 01 AE 00 
C2 01 CD 0F 1D 53 0D 4D ED 0E FD 40 30 00 00 00 
1F 53 F4 27 CE 01 AE 00 C3 01 0C 4F EC 0E 8D 00 
FC 84 3E 40 06 00 0F 43 B1 13 C0 31 0F 43 3F 90 
07 00 12 2C CD 01 AD 00 01 00 0E 4F EE 0D CD 01 
AD 00 C2 01 CC 0F 3C 52 0C 4C EC 0D EC 4E 00 00 
1F 53 3F 90 07 00 EE 2B CC 01 AC 00 D4 01 CD 01 
AD 00 C2 01 7E 40 0F 00 B1 13 0A 30 CC 01 AC 00 
D4 01 CD 01 AD 00 E6 00 CE 01 AE 00 D2 01 B1 13 
00 00 CC 01 AC 00 EE 00 1D 41 D2 01 3D 82 B1 13 
9A 12 B1 13 9A 36 A1 00 D8 03 10 01 4F 43 7F 90 
07 00 55 2C 4C 4F 3D 40 1A 00 B1 13 B4 3A 8C 43 
E2 1F 4C 4F 3D 40 1A 00 B1 13 B4 3A 8C 43 E4 1F 
4C 4F 3D 40 1A 00 B1 13 B4 3A 00 18 CC 43 E6 1F 
4C 4F 3D 40 1A 00 B1 13 B4 3A 00 18 CC 43 EA 1F 
4C 4F 3D 40 1A 00 B1 13 B4 3A 00 18 CC 43 EE 1F 
4C 4F 3D 40 1A 00 B1 13 B4 3A 8C 43 F2 1F 4C 4F 
3D 40 1A 00 B1 13 B4 3A 8C 43 F4 1F 4C 4F 3D 40 
1A 00 B1 13 B4 3A 8C 43 F6 1F 4C 4F 3D 40 1A 00 
B1 13 B4 3A 8C 43 F8 1F 4C 4F 3D 40 1A 00 B1 13 
B4 3A 4E 4F 40 18 5D 4E 0C 85 40 18 5E 42 12 85 
0E 8D 8C 4E FA 1F 5F 53 7F 90 07 00 AB 2B 10 01 
1A 14 B1 00 1E 00 CA 0E C9 0C CC 01 8D 00 D6 84 
3E 40 09 00 0F 43 B1 13 C0 31 CC 01 AC 00 0A 00 
8D 00 E0 84 3E 40 09 00 0F 43 B1 13 C0 31 CC 01 
AC 00 14 00 8D 00 EA 84 3E 40 09 00 0F 43 B1 13 
C0 31 4A 4A 0A 93 07 24 1A 83 11 24 1A 83 11 24 
1A 83 1D 24 2A 3C 4A 43 CC 09 CD 01 3E 42 0F 43 
B1 13 FC 33 0C 93 01 20 5A 43 CC 0A 1F 3C 4C 43 
1D 3C 4A 43 CC 09 CD 01 AD 00 0A 00 3E 42 0F 43 
B1 13 FC 33 0C 93 01 20 5A 43 CC 0A 0F 3C 4A 43 
CC 09 CD 01 AD 00 14 00 3E 42 0F 43 B1 13 FC 33 
0C 93 01 20 5A 43 CC 0A 01 3C 4C 43 A1 00 1E 00 
19 16 10 01 1A 14 CB 0D CD 0E CF 0C 09 43 DF 03 
4A 24 0D 93 02 20 0B 93 42 24 82 93 84 21 3B 20 
B1 13 DE 3C 1A 42 6C 21 1E 42 6E 21 CC 0B 2C 5F 
1D 6F 02 00 1E 9F 02 00 10 28 02 20 2A 9F 0D 28 
1D 9F 02 00 08 28 02 20 2C 9F 05 28 0E 9D 03 28 
10 20 0A 9C 0E 2C 19 43 0C 3C 1D 9F 02 00 03 28 
08 20 2C 9F 06 2C 0E 9D 03 28 03 20 0A 9C 01 2C 
19 43 8F 4C 00 00 8F 4D 02 00 09 93 05 24 0C 8A 
0D 7E 0E 43 B1 13 14 21 B1 13 D0 16 0C 93 0F 20 
B1 13 0E 1D 0C 3C 32 C2 03 43 03 43 FF 3F 32 C2 
03 43 03 43 FF 3F 32 C2 03 43 03 43 FF 3F 19 16 
10 01 0A 14 CF 0D CA 0C DA 03 4A 24 32 C2 03 43 
03 43 92 53 92 21 1C 4A 36 00 1D 4A 38 00 B1 13 
B4 3A 0E 4C 00 18 6E 5A 7A 0E 04 00 8A 43 34 00 
00 18 EA 4A 08 00 1C 4A 36 00 1C 83 1D 4A 38 00 
B1 13 B4 3A 0E 4C 00 18 6E 5A 7A 0E 0C 00 FA 43 
3A 00 FA 43 3B 00 0F 93 0D 20 8A 93 10 00 14 24 
CC 0A AC 00 10 00 B1 13 BE 22 0C 93 0D 24 B1 13 
0E 1D 0A 3C CC 0A AC 00 10 00 B1 13 6E 36 CC 0A 
AC 00 22 00 B1 13 6E 36 82 93 92 21 07 24 92 83 
92 21 04 20 03 43 32 D2 03 43 03 43 1C 43 04 3C 
32 C2 03 43 03 43 FF 3F 0A 16 10 01 0A 14 DC 03 
4C 24 DD 03 46 24 32 C2 03 43 03 43 92 53 92 21 
1A 42 6C 21 1B 42 6E 21 BD 93 02 00 03 20 BD 93 
00 00 2B 24 A2 9C 78 21 07 24 1B 9C 04 00 04 28 
22 20 1A 9C 02 00 1F 2C CE 0A CF 0B 1E 8C 02 00 
1F 7C 04 00 1F 9D 02 00 05 28 02 20 2E 9D 02 28 
1C 43 14 3C 2E 4D 1F 4D 02 00 0E 8A 0F 7B 1E 5C 
02 00 1F 6C 04 00 8D 4E 00 00 8D 4F 02 00 B1 13 
90 39 0C 43 03 3C 1C 43 01 3C 0C 43 82 93 92 21 
10 24 92 83 92 21 0D 20 03 43 32 D2 03 43 03 43 
08 3C 32 C2 03 43 03 43 FF 3F 32 C2 03 43 03 43 
FF 3F 0A 16 10 01 02 12 BF 14 1E 42 92 21 0E 14 
2C 00 64 21 7C 01 00 00 B1 13 BE 13 B1 13 A8 17 
2C 00 64 21 01 0C 0F 16 82 4F 92 21 B4 16 03 43 
32 41 03 43 10 01 02 12 BF 14 1E 42 92 21 0E 14 
2C 00 64 21 7C 01 00 00 B1 13 BE 13 2C 00 64 21 
01 0C 0F 16 82 4F 92 21 B4 16 03 43 32 41 03 43 
10 01 02 12 32 C2 03 43 BF 14 1E 42 92 21 0E 14 
2C 00 64 21 7C 01 00 00 B1 13 A8 17 2C 00 64 21 
01 0C 0F 16 82 4F 92 21 B4 16 03 43 32 41 03 43 
10 01 B1 13 2A 38 2C 00 64 21 01 0C 0F 16 82 4F 
92 21 B4 16 03 43 32 41 03 43 10 01 B1 00 EC 03 
B1 13 44 31 4C 4C 3C F0 F0 FF 3C 90 30 00 46 24 
F1 40 10 00 0A 01 0D 43 CF 01 AF 00 0A 01 CE 0D 
1E 53 0E 4E EE 0F FE 40 30 00 00 00 1D 53 F4 27 
CF 01 AF 00 0B 01 0C 4D EC 0F 8D 00 FC 84 3E 40 
06 00 0F 43 B1 13 C0 31 B2 D0 00 80 18 1F CC 01 
AC 00 12 01 8D 00 18 1F 3E 40 CA 00 0F 43 B1 13 
C0 31 CC 01 AC 00 E8 01 CD 01 AD 00 0A 01 7E 40 
D2 00 B1 13 0A 30 CC 01 AC 00 E8 01 CD 01 CE 01 
AE 00 E6 01 B1 13 00 00 CC 01 AC 00 08 00 1D 41 
E6 01 3D 82 B1 13 9A 12 B1 13 9A 36 A1 00 EC 03 
10 01 0A 14 B1 00 E4 00 CA 0C 7C 40 22 00 CD 01 
AD 00 DE 00 7E 40 05 00 B1 13 1A 2E 5D 41 E2 00 
E1 4A 02 00 4E 43 7E 90 07 00 11 2C 4F 4E 0C 4F 
EC 0A CB 01 EB 03 4F 4E 1F 53 4F 0E 4F 0D EF 0B 
DF 4C 01 00 00 00 5E 53 7E 90 07 00 EF 2B 4E 43 
0E 3C 4F 4E 0C 4F EC 0A CB 01 EB 03 4F 4E 3F 52 
4F 0E 4F 0D EF 0B DF 4C 08 00 00 00 5E 53 4F 4E 
1F 9A E4 00 EE 2B 3F 42 1F 5A E4 00 0E 4F CF 01 
EF 03 EE 0F CE 4D 00 00 A1 43 00 00 2C 00 26 21 
CD 01 ED 03 0E 43 0F 43 B1 13 3C 0A A1 00 E4 00 
0A 16 10 01 1A 14 C9 0C 32 C2 03 43 03 43 92 53 
92 21 5A 49 3B 00 8A 11 1A 93 10 38 89 93 22 00 
0D 24 CC 09 AC 00 22 00 B1 13 BE 22 0C 93 02 24 
B1 13 D8 3C 5A 83 8A 11 1A 93 F0 37 F9 43 3B 00 
82 93 92 21 07 24 92 83 92 21 04 20 03 43 32 D2 
03 43 03 43 32 C2 03 43 03 43 92 53 92 21 5A 49 
3A 00 8A 11 1A 93 10 38 89 93 10 00 0D 24 CC 09 
AC 00 10 00 B1 13 BE 22 0C 93 02 24 B1 13 D8 3C 
5A 83 8A 11 1A 93 F0 37 F9 43 3A 00 82 93 92 21 
07 24 92 83 92 21 04 20 03 43 32 D2 03 43 03 43 
19 16 10 01 3A 14 C7 0E C9 0C 08 43 1A 49 34 00 
89 93 38 00 0D 20 00 18 C9 93 00 00 3C 20 3C 09 
04 00 B1 13 A4 21 C8 0C 00 18 C9 43 04 00 33 3C 
07 93 15 20 3C 09 08 00 1E 49 38 00 0F 43 B1 13 
C0 31 1F 49 38 00 00 18 C9 5F 08 00 00 18 D9 99 
04 00 08 00 20 28 00 18 E9 49 08 00 1C 3C 3C 09 
0C 00 1E 49 38 00 0F 43 B1 13 C0 31 1F 49 38 00 
00 18 C9 8F 0C 00 00 18 E9 99 0C 00 07 2C 1E 49 
38 00 3F 09 04 00 FF 0E 79 0F 0C 00 27 93 03 20 
0A 93 01 24 1A 83 1A 53 89 4A 34 00 CC 08 37 16 
10 01 0A 14 CA 0C 32 C2 03 43 03 43 92 53 92 21 
92 53 6A 21 00 18 C2 93 64 21 08 20 60 0A 64 21 
92 93 6A 21 0E 20 B1 13 20 29 0B 3C 82 93 72 21 
08 20 2F 00 64 21 9A 9F 2C 00 2C 00 02 28 60 0A 
64 21 92 53 7A 21 92 9A 2C 00 70 21 03 2C 92 4A 
2C 00 70 21 1C 4A 2C 00 3D 40 12 00 B1 13 B4 3A 
0C 4C AC 00 0A 1E CD 0A AD 00 04 00 B1 13 50 38 
82 93 92 21 07 24 92 83 92 21 04 20 03 43 32 D2 
03 43 03 43 82 93 72 21 08 24 2F 00 64 21 9F 9A 
2C 00 2C 00 02 2C B1 13 0E 1D 0A 16 10 01 0A 14 
CA 0C DC 03 47 24 2F 00 64 21 9A 9F 2C 00 2C 00 
41 2C 8A 93 1A 00 0C 38 3E 40 0F 00 0F 43 2D 00 
64 21 1E 8D 2C 00 0F 73 8A 4E 18 00 8A 4F 1A 00 
1C 4A 2C 00 3D 40 12 00 B1 13 B4 3A 0F 4C AF 00 
0A 1E 00 18 CA 9F 14 00 20 20 CC 0A AC 00 04 00 
B1 13 AE 32 2F 00 64 21 9A 4F 2C 00 2C 00 92 9A 
2C 00 70 21 03 2C 92 4A 2C 00 70 21 1C 4A 2C 00 
3D 40 12 00 B1 13 B4 3A 0C 4C AC 00 0A 1E CD 0A 
AD 00 04 00 B1 13 50 38 05 3C 2F 00 64 21 9A 4F 
2C 00 2C 00 0A 16 10 01 4A 14 C6 0E C9 0C CA 0D 
17 42 6C 21 18 42 6E 21 2C 42 00 18 5C 52 64 21 
B1 13 AE 32 3A 93 04 20 39 93 02 20 06 93 2A 20 
09 57 0A 68 2F 00 64 21 8F 49 04 00 8F 4A 06 00 
0A 98 17 28 02 20 09 97 14 28 2D 42 00 18 5D 52 
64 21 2C 00 FA 20 B1 13 EC 2A 1A 92 7E 21 04 28 
19 20 19 92 7C 21 16 2C 82 49 7C 21 82 4A 7E 21 
11 3C 2D 42 00 18 5D 52 64 21 2C 00 FE 20 B1 13 
EC 2A 08 3C 2D 42 00 18 5D 52 64 21 8C 00 CE 20 
B1 13 50 38 46 16 10 01 0A 14 CA 0C 0F 43 DC 03 
37 24 00 18 5A 92 64 21 39 20 8A 93 44 00 32 24 
9A 83 44 00 9A 9A 42 00 2C 00 2A 24 8A 93 44 00 
27 20 AC 00 04 00 B1 13 AE 32 9A 4A 42 00 2C 00 
3E 40 0F 00 0F 43 1E 8A 2C 00 0F 73 8A 4E 18 00 
8A 4F 1A 00 92 9A 2C 00 70 21 03 2C 92 4A 2C 00 
70 21 1C 4A 2C 00 3D 40 12 00 B1 13 B4 3A 0C 4C 
AC 00 0A 1E CD 0A AD 00 04 00 B1 13 50 38 1F 43 
CC 0F 08 3C 32 C2 03 43 03 43 FF 3F 32 C2 03 43 
03 43 FF 3F 0A 16 10 01 6A 14 B1 00 16 00 C5 0F 
C8 0E C4 0D 71 0C 12 00 37 01 38 00 16 41 36 00 
CC 08 0D 43 5C 02 0D 6D 5C 02 0D 6D B1 13 44 23 
C9 0C D9 03 0F 24 3C 40 4C 00 0D 43 B1 13 44 23 
CA 0C DA 03 04 20 CC 09 B1 13 FC 3B 04 3C 7A 09 
2E 00 01 3C 0A 43 DA 03 02 20 3C 43 16 3C 71 05 
00 00 81 46 04 00 71 07 06 00 71 0A 0A 00 00 18 
C1 43 0E 00 CE 08 0F 43 3C 01 12 00 CD 04 B1 13 
D6 15 CC 0A B1 13 DE 1F 1C 43 A1 00 16 00 64 16 
10 01 0A 14 3F 0C 0A 00 3A 0F 0C 00 DA 03 36 24 
CC 0A AC 00 18 00 B1 13 AE 32 82 93 84 21 1B 20 
CC 0A AC 00 04 00 B1 13 AE 32 92 9A 2C 00 70 21 
03 2C 92 4A 2C 00 70 21 1C 4A 2C 00 3D 40 12 00 
B1 13 B4 3A 0C 4C AC 00 0A 1E CD 0A AD 00 04 00 
B1 13 50 38 07 3C CD 0A AD 00 18 00 8C 00 BC 20 
B1 13 50 38 2F 00 64 21 9F 9A 2C 00 2C 00 02 28 
0C 43 08 3C 1C 43 92 43 76 21 04 3C 32 C2 03 43 
03 43 FF 3F 0A 16 10 01 2A 14 CA 0C C9 0D 08 43 
1A B3 05 24 3A F0 FE FF 39 F3 2A 53 09 63 B1 13 
DE 3C 00 18 C2 93 8A 21 07 20 8F 0F FE FF 00 18 
7F F0 02 44 60 0F 8A 21 CF 0A CE 09 1F 52 86 21 
1E 62 88 21 19 20 3F 90 FE 37 16 2C CE 0A CF 09 
1E 52 86 21 1F 62 88 21 82 9F 88 21 04 28 0C 20 
82 9E 86 21 09 2C 28 00 86 21 00 18 58 52 8A 21 
82 5A 86 21 82 69 88 21 B1 13 D0 16 D8 03 02 20 
B1 13 8A 3C CC 08 28 16 10 01 B1 00 0A 00 81 43 
00 00 2C 00 42 21 0D 43 3E 40 64 00 0F 43 B1 13 
CC 04 1C 93 2A 20 3C 40 03 00 0D 43 CE 01 AE 00 
06 00 B1 13 F8 2E 81 93 08 00 0E 20 A1 92 06 00 
0B 2C 00 18 E1 42 06 00 3C 40 03 00 0D 43 CE 01 
AE 00 06 00 B1 13 BE 28 1C 41 06 00 1D 41 08 00 
CE 01 EE 03 B1 13 F8 2E 81 43 00 00 2C 00 42 21 
0D 43 0E 43 0F 43 B1 13 3C 0A 1C 41 02 00 1D 41 
04 00 A1 00 0A 00 10 01 3A 14 CA 0D C9 0E CD 0F 
C8 0C 37 01 14 00 CC 09 B1 13 2C 2D 4C 93 26 20 
F2 F0 BF 00 23 02 7C 40 51 00 CD 08 CE 0A 7F 43 
B1 13 DC 2C B1 13 9A 38 4C 93 16 20 7C 40 FE 00 
B1 13 2A 39 7C 90 FE 00 03 24 7A 40 03 00 0F 3C 
CD 09 CC 07 B1 13 C6 2F 7C 43 B1 13 52 3B 7C 43 
B1 13 52 3B 4A 43 03 3C 6A 43 01 3C 5A 43 A2 B3 
FC 05 FD 27 F2 D0 40 00 23 02 7C 43 B1 13 52 3B 
CC 0A 37 16 10 01 3A 14 CA 0D C9 0E CD 0F C8 0C 
37 01 14 00 CC 09 B1 13 2C 2D 4C 93 26 20 F2 F0 
BF 00 23 02 7C 40 58 00 CD 08 CE 0A 7F 43 B1 13 
DC 2C 4C 43 B1 13 2A 39 4C 93 15 20 7C 43 B1 13 
52 3B 7C 40 FE 00 B1 13 52 3B CD 09 CC 07 B1 13 
66 2E 7C 43 B1 13 52 3B 7C 43 B1 13 52 3B B1 13 
E0 29 4A 43 03 3C 6A 43 01 3C 5A 43 A2 B3 FC 05 
FD 27 F2 D0 40 00 23 02 7C 43 B1 13 52 3B CC 0A 
37 16 10 01 3A 14 40 18 1A 42 5C 01 40 18 B2 40 
80 5A 5C 01 8F 00 34 85 9F 00 40 85 25 24 89 00 
50 85 8F 00 60 85 D9 0F 1F 24 CE 09 0F 19 4E 10 
0E 4E 0C 4F 0F 19 4F 10 0C 89 0D 4F 0D 7E B1 13 
F8 30 C8 0C C7 0D 0C 09 7F 4C 5F 06 00 18 5F 4F 
34 85 A9 00 04 00 0D 09 4F 13 A9 00 04 00 18 83 
07 73 F1 23 08 93 EF 23 7A C2 3A D0 08 5A 40 18 
82 4A 5C 01 B1 13 F4 3C 37 16 10 01 2A 14 78 4C 
09 43 14 3C 0B 4B CE 0D FE 0B BE 00 01 00 AD 00 
01 00 FD 4E FF FF 1F 83 FA 23 04 3C AD 00 01 00 
FD 4C FF FF 58 03 19 53 39 92 E9 37 18 B3 F6 23 
7B 4C 7F 4C CE 0B 5E 0E CB 0F 5B 0F 3B F0 0F 00 
0B DE 3F F0 0F 00 3F 50 03 00 3F 90 12 00 0C 20 
7E 4C 3E B0 80 00 07 24 7A 4C 3E F0 7F 00 4A 4A 
46 18 0A 5A 0E DA 0F 5E 3B 90 FF 0F CB 23 28 16 
10 01 2A 14 C8 0C C9 0D 6A 49 47 18 0A 5A 5F 49 
01 00 0A 5F 3B F0 00 FF 5F 49 02 00 4F C3 0B DF 
4B C3 5F 49 03 00 47 18 0F 5F 0B DF 5F 49 04 00 
CE 0F 4E 4E 8E 10 3E B0 00 80 0F 7F 3F E3 CF 0E 
0E 43 5D 49 05 00 0F 5D 5C 49 06 00 0D 43 B1 13 
22 31 0E 5C 0F 6D 5D 49 07 00 0E 5D 0F 63 D8 03 
08 24 88 4A 00 00 88 4B 02 00 88 4E 04 00 88 4F 
06 00 28 16 10 01 1A 14 B1 00 E6 00 E1 4D 00 00 
D1 4D 01 00 01 00 D1 4D 02 00 02 00 D1 4D 03 00 
03 00 D1 4D 04 00 04 00 D1 4D 05 00 05 00 D1 4D 
06 00 06 00 D1 4D 07 00 07 00 0F 43 0F 9E 0E 2C 
CB 0F 3B 52 0B 4B EB 0D CA 01 AA 00 08 00 09 4F 
E9 0A E9 4B 00 00 1F 53 0F 9E F2 2B 3E 82 81 4E 
E4 00 CD 01 DC 03 05 24 3E 40 E6 00 0F 43 B1 13 
C0 31 A1 00 E6 00 19 16 10 01 0A 14 5A 43 F2 F0 
BF 00 23 02 7C 40 40 00 0D 43 0E 43 7F 40 95 00 
B1 13 DC 2C B1 13 9A 38 5C 93 02 24 6C 42 23 3C 
5A 93 17 20 A2 B3 FC 05 FD 27 F2 D0 40 00 23 02 
7C 43 B1 13 52 3B F2 F0 BF 00 23 02 7C 40 41 00 
0D 43 0E 43 7F 43 B1 13 DC 2C B1 13 9A 38 5C 93 
E9 27 A2 B3 FC 05 FD 27 F2 D0 40 00 23 02 7C 43 
B1 13 52 3B 4C 43 0A 16 10 01 B1 00 F0 00 CD 0C 
CC 01 EC 03 3E 40 E6 00 0F 43 B1 13 C0 31 CC 01 
AC 00 E8 00 CD 01 AD 00 0A 00 3E 42 0F 43 B1 13 
C0 31 CC 01 AC 00 E8 00 5E 43 B1 13 FC 19 4C 93 
16 24 81 43 00 00 2C 00 12 21 0D 43 3E 43 3F 43 
B1 13 CC 04 7C 40 10 00 B1 13 C6 33 81 43 00 00 
2C 00 12 21 0D 43 0E 43 0F 43 B1 13 3C 0A A1 00 
F0 00 10 01 2A 14 B1 00 0C 01 C8 0C 81 43 0A 01 
B1 13 4A 3C 4C 93 24 24 CC 01 7D 40 3A 00 B1 13 
8C 3B C9 0C B1 13 DE 37 4A 43 CF 0A 1A 43 4A 5F 
4F 4F 0E 4F CF 01 EE 0F 6C 4E CD 08 CE 01 AE 00 
0A 01 B1 13 B6 06 6C 93 05 20 7A 90 3A 00 02 2C 
4A 99 EB 2B 4C 93 02 24 81 43 0A 01 B1 13 9A 36 
1C 41 0A 01 A1 00 0C 01 28 16 10 01 0A 14 82 93 
68 21 2D 24 B1 13 DE 3C 0A 43 82 93 E0 20 01 20 
1A 43 B1 13 D0 16 0A 93 1F 20 32 C2 03 43 03 43 
92 53 92 21 2F 00 EA 20 3A 0F 0C 00 CC 0A AC 00 
04 00 B1 13 AE 32 92 83 6A 21 92 83 68 21 82 93 
92 21 07 24 92 83 92 21 04 20 03 43 32 D2 03 43 
03 43 CC 0A B1 13 FA 3A 82 93 68 21 D3 23 0A 16 
10 01 1A 14 B1 00 04 02 0F 43 2F 92 0C 2C 0B 4F 
EB 0E CA 01 AA 00 04 00 09 4F E9 0A E9 4B 00 00 
1F 53 2F 92 F4 2B 2F 42 3F 90 00 02 0B 2C CE 01 
AE 00 04 00 0B 4F EB 0E FB 43 00 00 1F 53 3F 90 
00 02 F5 2B B1 13 1E 31 71 01 00 00 00 18 E1 52 
00 00 3E 40 00 02 0F 43 B1 13 C2 24 A1 00 04 02 
19 16 10 01 0A 14 0A 43 3A 90 0F 00 0E 2C CC 0A 
3D 40 12 00 B1 13 B4 3A 0C 4C AC 00 0A 1E B1 13 
6E 36 1A 53 3A 90 0F 00 F2 2B 8C 00 98 20 B1 13 
6E 36 8C 00 AA 20 B1 13 6E 36 8C 00 BC 20 B1 13 
6E 36 8C 00 E0 20 B1 13 6E 36 8C 00 CE 20 B1 13 
6E 36 00 18 F2 40 98 20 FA 20 00 18 F2 40 AA 20 
FE 20 0A 16 10 01 1A 14 B1 00 06 00 C9 0C CA 0D 
81 43 00 00 2C 00 42 21 0D 43 3E 40 64 00 0F 43 
B1 13 CC 04 1C 93 1A 20 82 9A 24 21 04 28 0D 20 
82 99 22 21 0A 2C 81 49 02 00 81 4A 04 00 2C 43 
0D 43 CE 01 EE 03 B1 13 BE 28 81 43 00 00 2C 00 
42 21 0D 43 0E 43 0F 43 B1 13 3C 0A A1 00 06 00 
19 16 10 01 1A 14 09 43 39 90 41 00 1F 34 7C 43 
B1 13 52 3B CA 0C 7A F0 1F 00 3A 80 05 00 0F 24 
3A 80 06 00 03 24 2A 83 04 24 06 3C 7C 40 10 00 
14 3C 7C 40 11 00 11 3C 7F 40 12 00 01 3C 4F 43 
4F 93 04 24 19 53 39 90 41 00 E1 3B 5A 43 7C 43 
B1 13 52 3B 4A 93 FB 27 CC 0A 19 16 10 01 6A 14 
B1 00 1E 00 C7 0D C8 0C 69 48 49 49 19 53 CA 09 
17 83 0A 97 1D 2C 15 43 16 43 CF 0A 0A 55 0F 4F 
EF 08 69 4F 59 83 CF 0A 0A 56 0F 4F EF 08 64 4F 
0D 4A ED 08 4E 49 CC 01 0F 43 B1 13 C0 31 CC 04 
CD 01 CE 09 B1 13 2C 35 49 49 0A 59 0A 97 E5 2B 
A1 00 1E 00 64 16 10 01 0A 14 F1 03 C1 4D 00 00 
CA 0C 3C 40 0E 12 CD 01 5E 43 B1 13 7C 2D B1 13 
9C 3A CC 0A 6D 41 B1 13 8E 37 B1 13 DE 37 B1 13 
3E 37 3A 40 20 4E 0A 93 0F 24 1A 83 B1 13 C4 36 
4C 93 02 24 5C 43 09 3C 0D 14 3D 40 FE 01 1D 83 
FE 23 0D 16 0A 93 F1 23 4C 43 E1 03 0A 16 10 01 
0A 14 2B 4D 1E 4D 02 00 3E 93 02 20 3B 93 0E 24 
CF 0C AF 00 06 00 3A 0F 04 00 1E 9A 02 00 08 28 
02 20 2B 9A 05 28 3F 0F 04 00 F5 3F 3F 0C 0E 00 
00 18 DD 4F 04 00 04 00 3E 0D 04 00 7E 0D 08 00 
7D 0F 08 00 7F 0D 04 00 7D 0C 10 00 9C 53 00 00 
0A 16 10 01 B1 00 06 00 81 43 00 00 00 18 F1 40 
80 21 02 00 8C 01 10 3B 8D 00 24 85 3E 40 55 00 
0F 43 B1 13 34 22 1C 93 06 24 3C 93 12 20 32 C2 
03 43 03 43 FF 3F 32 C2 03 43 03 43 B2 43 7C 21 
B2 43 7E 21 92 43 72 21 00 18 C2 43 6C 21 B1 13 
3E 1D A1 00 06 00 10 01 2A 14 B1 00 04 00 C9 0D 
C8 0C 08 93 1B 24 09 93 03 20 0C 43 0D 43 03 3C 
B1 13 B4 3A 0D 43 3C 50 3C 00 0D 63 B1 13 44 23 
CA 0C DA 03 09 24 CE 0A AE 00 3C 00 71 0A 00 00 
CC 08 CD 09 B1 13 F4 39 CC 0A 04 3C 32 C2 03 43 
03 43 FF 3F A1 00 04 00 28 16 10 01 0A 14 4C 93 
20 20 4A 43 08 3C 4C 4A EC 0D 4B 4A EB 0E DB 4C 
08 00 00 00 5A 53 CC 0D AC 00 08 02 6B 4C 5C 4C 
01 00 47 18 0C 5C 0B DC 4C 4A 0C 9B EC 2B AD 00 
08 02 6C 4D 5E 4D 01 00 47 18 0E 5E 0C DE 8F 4C 
00 00 8C 00 00 1C B1 13 FC 31 0A 16 10 01 1A 14 
B1 00 10 03 CA 0D C9 0C B1 13 44 31 4C 4C 3C F0 
F0 FF 3C 90 30 00 18 24 4E 4A CC 01 AC 00 0C 01 
CD 09 B1 13 0A 30 CC 01 AC 00 0C 01 CD 01 CE 01 
AE 00 0A 01 B1 13 00 00 CC 01 AC 00 08 00 1D 41 
0A 01 3D 82 B1 13 9A 12 A1 00 10 03 19 16 10 01 
4A 14 18 4C 02 00 19 4C 04 00 1A 4C 06 00 B1 13 
B0 2E C6 0C C7 0D B1 13 C6 23 88 10 48 48 48 93 
03 24 09 5C 0A 6D 02 3C 09 56 0A 67 0A 97 03 28 
04 20 09 96 02 2C C9 06 CA 07 0D 9A 03 28 04 20 
0C 99 02 2C C9 0C CA 0D CC 09 CD 0A 46 16 10 01 
1A 14 B1 00 06 00 C9 0D CA 0E 7C D0 40 00 C1 4C 
00 00 3B 40 03 00 0B 93 10 38 CE 0B 5E 0A CC 09 
CD 0A B1 13 9E 3B CD 0B 4D 0E 4D 0D CE 01 FE 0D 
CE 4C 04 00 1B 83 0B 93 F0 37 C1 4F 05 00 CC 01 
3D 40 06 00 B1 13 66 2E A1 00 06 00 19 16 10 01 
1A 14 C9 0C CA 0D F2 F0 BF 00 23 02 7C 40 50 00 
CD 09 CE 0A 7F 43 B1 13 DC 2C B1 13 9A 38 4C 93 
0B 24 B1 13 CC 2D 7C 40 50 00 CD 09 CE 0A 7F 43 
B1 13 DC 2C B1 13 9A 38 A2 B3 FC 05 FD 27 F2 D0 
40 00 23 02 7C 43 B1 13 52 3B 4C 43 19 16 10 01 
2A 14 B1 00 06 00 CA 0E C8 0D C9 0C B1 13 20 33 
4C 93 19 24 F1 40 11 00 00 00 CF 09 8F 10 C1 4F 
01 00 C1 4A 02 00 C1 49 03 00 B1 13 CC 3C CC 01 
2D 42 B1 13 CE 3B 4D 4A CC 08 B1 13 CE 3B B1 13 
C6 3C 5C 43 01 3C 4C 43 A1 00 06 00 28 16 10 01 
0A 14 F2 D0 21 00 03 02 F2 D0 21 00 05 02 F2 D0 
40 00 23 02 F2 D0 40 00 25 02 B1 13 14 3A F2 D0 
23 00 0D 02 A2 B3 FC 05 FD 27 F2 D0 40 00 23 02 
0A 43 3A 90 0A 00 07 34 7C 43 B1 13 52 3B 1A 53 
3A 90 0A 00 F9 3B B1 13 16 27 0A 16 10 01 2A 14 
CA 0E C9 0D C8 0C B1 13 20 33 4C 93 02 20 4C 43 
1A 3C B1 13 CC 3C CC 08 B1 13 3E 3C B1 13 C6 3C 
B1 13 20 33 4C 93 0E 24 B1 13 CC 3C 7C 40 44 00 
B1 13 3E 3C 4D 4A CC 09 B1 13 BE 3B B1 13 C6 3C 
5C 43 01 3C 4C 43 28 16 10 01 0A 14 0E 43 0B 43 
0B 93 1D 20 0E 9D 1B 2C A2 B3 FC 05 FD 27 CF 0B 
0F 18 4F 5F 00 18 4F DE EF 0C 6F 4F 82 4F EE 05 
CF 0B 0F 18 4F 5F 00 18 4F DE EF 0C 1A 42 EC 05 
CF 4A 00 00 1E 53 0B 63 02 20 0E 9D E5 2B 4C 43 
0A 16 10 01 B1 00 06 00 81 43 00 00 2C 00 42 21 
0D 43 3E 40 64 00 0F 43 B1 13 CC 04 1C 93 0F 20 
2C 43 0D 43 CE 01 EE 03 B1 13 F8 2E 81 43 00 00 
2C 00 42 21 0D 43 0E 43 0F 43 B1 13 3C 0A 1C 41 
02 00 1D 41 04 00 A1 00 06 00 10 01 0A 14 B1 00 
04 02 CA 0E B1 13 1E 31 71 01 00 00 00 18 E1 52 
00 00 3E 40 00 02 0F 43 B1 13 44 24 0F 43 2F 92 
0C 2C CE 01 AE 00 04 00 0D 4F ED 0E 0E 4F EE 0A 
EE 4D 00 00 1F 53 2F 92 F4 2B A1 00 04 02 0A 16 
10 01 B1 00 04 00 00 18 C1 43 00 00 3F 40 FC 18 
BF 93 02 00 10 20 BF 93 00 00 0D 20 BF 00 04 00 
9F 00 80 18 07 28 BF 93 02 00 05 20 BF 93 00 00 
F5 27 01 3C CF 01 A2 4F 8E 21 92 4F 02 00 90 21 
A1 00 04 00 10 01 32 C2 03 43 03 43 C2 43 04 02 
C2 43 05 02 C2 43 24 02 C2 43 25 02 4C 43 7D 40 
23 00 B1 13 B2 39 4C 43 B1 13 8A 30 4C 43 B1 13 
06 39 5C 43 B1 13 06 39 B1 13 68 3A B1 13 4A 30 
B1 13 3E 2F 92 C3 30 01 10 01 0A 14 0E 43 0B 43 
0B 93 1A 20 0E 9D 18 2C A2 B3 FC 05 FD 27 B2 40 
FF 00 EE 05 92 B3 FC 05 FD 27 CF 0B 0F 18 4F 5F 
00 18 4F DE EF 0C 1A 42 EC 05 CF 4A 00 00 1E 53 
0B 63 02 20 0E 9D E8 2B 4C 43 0A 16 10 01 0A 14 
4F 4E CB 0C AB 00 02 02 CB 4F 00 00 8F 10 CB 4F 
01 00 CC 43 01 00 CC 43 00 00 7E 90 DD 00 02 28 
7E 40 DC 00 4F 43 07 3C 4B 4F EB 0D 4A 4F EA 0C 
EA 4B 02 00 5F 53 4F 9E F7 2B 0A 16 10 01 1A 14 
B1 13 6C 3C C9 0C 39 F3 3D F0 FF 00 B1 13 9E 3C 
4C 4C 4C 4C 8C 10 CA 0C 19 53 0D 63 39 F3 09 D3 
3D F0 FF 00 0A DD 3C 40 00 18 B1 13 F6 3C CC 09 
CD 0A 3E 40 00 18 B1 13 F8 3C 19 16 10 01 4C 4C 
0C 93 1B 20 8C 00 06 02 8D 00 04 02 8E 00 02 02 
7F 40 80 00 B1 13 EE 36 F2 D0 C0 00 0C 02 3C 40 
40 06 B1 13 8C 35 7D 40 48 00 B1 13 32 3C 3C 40 
40 06 7D 40 10 00 B1 13 26 3C 10 01 5D 01 5C 00 
5D 01 5C 00 5D 01 5C 00 5D 01 5C 00 5D 01 5C 00 
5D 01 5C 00 5D 01 5C 00 5D 01 5C 00 5D 01 5C 00 
5D 01 5C 00 5D 01 5C 00 5D 01 5C 00 5D 01 5C 00 
5D 01 5C 00 5D 01 5C 00 10 01 5C 02 0D 6D 5C 02 
0D 6D 5C 02 0D 6D 5C 02 0D 6D 5C 02 0D 6D 5C 02 
0D 6D 5C 02 0D 6D 5C 02 0D 6D 5C 02 0D 6D 5C 02 
0D 6D 5C 02 0D 6D 5C 02 0D 6D 5C 02 0D 6D 5C 02 
0D 6D 5C 02 0D 6D 10 01 3C 40 00 19 B1 13 E8 3C 
3F 40 F0 00 4F FC 3E 40 0F 00 4C FE 7F 90 10 00 
05 24 7F 90 30 00 02 24 7F 40 10 00 5C 93 09 24 
6C 93 07 24 7C 90 03 00 04 24 6C 92 02 24 7C 40 
03 00 4C DF 10 01 B1 00 08 00 8F 00 F4 84 A1 4F 
00 00 91 4F 02 00 02 00 91 4F 04 00 04 00 91 4F 
06 00 06 00 B1 13 C0 3C B1 13 BA 3C B1 13 CC 3C 
CC 01 3D 40 07 00 B1 13 CE 3B B1 13 C6 3C A1 00 
08 00 10 01 2A 14 0F 93 02 20 0E 93 17 24 09 43 
08 43 CB 08 0F 18 4B 5B 00 18 4B D9 EB 0D CA 08 
0F 18 4A 5A 00 18 4A D9 EA 0C EA 4B 00 00 19 53 
08 63 08 9F EE 2B 02 20 09 9E EB 2B 28 16 10 01 
0F 43 CE 0C AE 00 08 02 CE 4F 00 00 8F 10 CE 4F 
01 00 CC 43 07 00 FC 43 05 00 FC 43 04 00 CC 43 
06 00 3F 43 3E 43 CC 4F 00 00 8F 10 CC 4F 01 00 
CC 4E 02 00 8E 10 CC 4E 03 00 10 01 B1 00 04 00 
F1 40 22 00 02 00 A1 43 00 00 2C 00 5A 21 CD 01 
ED 03 0E 43 0F 43 B1 13 3C 0A 81 43 00 00 2C 00 
5E 21 CD 01 AD 00 03 00 3E 40 D0 07 0F 43 B1 13 
CC 04 A1 00 04 00 10 01 0E EC 0F ED 0F 93 04 20 
0E 93 02 20 5C 43 14 3C 4C 43 4D 43 7D 90 18 00 
0E 2C 1E B3 06 24 5C 53 7C 90 07 00 02 28 4C 43 
07 3C 5F 03 5E 00 5D 53 7D 90 18 00 F2 2B 5C 43 
10 01 3F 0C 10 00 3E 0C 04 00 00 18 DE 4C 08 00 
08 00 3E 0C 08 00 00 18 DE 4C 04 00 04 00 00 18 
CF 9C 02 00 04 20 00 18 DF 4C 08 00 02 00 00 18 
CC 43 10 00 9F 83 00 00 2C 4F 10 01 1A 14 3B 01 
10 00 3A 01 0C 00 0C BD 13 24 0D 43 4C 4F 0D 9C 
0C 2C 0C 4D EC 0E C9 0D 29 5B 09 49 E9 0A E9 4C 
00 00 1D 53 4C 4F 0D 9C F4 2B 4F 4F 8B 5F 00 00 
19 16 10 01 0A 14 3A 40 C4 09 0A 93 14 24 1A 83 
B1 13 CC 3C 7C 40 44 00 B1 13 3E 3C 4C 43 B1 13 
3E 3C 7C 93 04 20 B1 13 C6 3C 5C 43 05 3C B1 13 
C6 3C 0A 93 EC 23 4C 43 0A 16 10 01 F1 03 8C 00 
3E 82 3D 40 6B 01 B1 13 3A 2A F1 40 61 00 00 00 
0C 43 CD 01 5E 43 B1 13 7C 2D F1 40 10 00 00 00 
3C 40 03 00 CD 01 5E 43 B1 13 7C 2D B1 13 9C 3A 
E1 03 10 01 B1 00 0A 00 5C 43 CD 01 7E 40 09 00 
B1 13 1A 2E 4C 93 0D 24 4C 43 5F 41 02 00 47 18 
0F 5F 5E 41 03 00 0E DF 3E 90 63 44 03 20 5C 43 
01 3C 4C 43 A1 00 0A 00 10 01 0A 14 CA 0C B1 13 
44 31 3F 40 0F 00 4C FF 7A F0 F0 00 4A DC 3C 40 
00 19 B1 13 F6 3C CC 0A 3D 40 00 19 B1 13 FA 3C 
B1 13 76 3C 3E 40 04 19 B1 13 F8 3C 0A 16 10 01 
0A 14 0F 93 04 20 0E 93 02 20 0C 43 11 3C CB 0C 
6A 4D 6C 4B 4C 9A 09 20 AB 00 01 00 AD 00 01 00 
1E 83 0F 73 F5 23 0E 93 F3 23 4A 4A 4C 4C 0C 8A 
0A 16 10 01 CF 0C CC 0D 8F 93 38 00 14 24 1E 4F 
38 00 00 18 CF 5E 0C 00 00 18 DF 9F 04 00 0C 00 
03 28 00 18 EF 4F 0C 00 3D 0F 0C 00 1E 4F 38 00 
0F 43 B1 13 C0 31 10 01 B1 00 08 00 C1 43 00 00 
C1 43 01 00 C1 43 02 00 C1 43 03 00 C1 43 04 00 
F1 42 05 00 F1 42 06 00 7C 40 32 00 CD 01 7E 40 
07 00 B1 13 2C 35 A1 00 08 00 10 01 1A 14 39 01 
0C 00 4E 93 12 20 0A 43 0A 9D 0D 2C CE 0A 4E 0E 
4E 0D EE 0C CB 0A 4B 0E 4B 0D EB 0F EB 4E 00 00 
1A 53 0A 9D F3 2B 89 4D 00 00 19 16 10 01 B1 00 
06 00 7C 90 80 00 02 28 4C 43 0F 3C F1 42 00 00 
C1 4C 01 00 C1 43 02 00 F1 40 3D 00 03 00 3C 40 
00 22 CD 01 6E 42 B1 13 7C 2D A1 00 06 00 10 01 
1A 14 CA 0D C9 0C B1 13 20 33 4C 93 0E 24 B1 13 
CC 3C 7C 40 77 00 B1 13 3E 3C 4D 4A CC 09 B1 13 
BE 3B B1 13 C6 3C CC 0A 01 3C 4C 43 19 16 10 01 
2A 14 CA 0E C9 0D C8 0C B1 13 20 33 4C 93 0D 24 
B1 13 CC 3C CC 08 B1 13 3E 3C 4D 4A CC 09 B1 13 
CE 3B B1 13 C6 3C 5C 43 01 3C 4C 43 28 16 10 01 
1A 14 C9 0D CA 0E DC 03 0D 24 3D 40 18 00 00 18 
5D 52 64 21 B1 13 EC 2A CC 09 CD 0A 1E 43 B1 13 
14 21 04 3C 32 C2 03 43 03 43 FF 3F 19 16 10 01 
DC D3 00 00 CF 0C 1F 53 CF 43 00 00 FC 40 81 00 
00 00 CF 0C 3F 50 06 00 FF 40 A0 00 00 00 CF 0C 
3F 50 07 00 CF 43 00 00 DC C3 00 00 10 01 32 C2 
03 43 03 43 92 53 92 21 9C 9C 36 00 34 00 02 24 
0C 43 01 3C 1C 43 82 93 92 21 07 24 92 83 92 21 
04 20 03 43 32 D2 03 43 03 43 10 01 2F 00 FA 20 
8F 93 00 00 05 20 B2 43 7C 21 B2 43 7E 21 0C 3C 
2F 00 FA 20 3F 0F 0A 00 3F 0F 0C 00 92 4F 04 00 
7C 21 92 4F 06 00 7E 21 10 01 CE 0C 3C 43 0B 43 
0B 9D 0F 2C 0F 4B EF 0E 6F 4F 0F EC 5F 02 3F F0 
FF 01 8C 10 4C 4C 40 18 1C EF 3E 80 1B 53 0B 9D 
F1 2B 3C E3 10 01 32 C2 03 43 03 43 92 53 92 21 
8C 93 34 00 02 20 1C 43 01 3C 0C 43 82 93 92 21 
07 24 92 83 92 21 04 20 03 43 32 D2 03 43 03 43 
10 01 CF 0C AF 00 06 00 7C 0F 02 00 BC 43 06 00 
BC 43 08 00 CF 0C AF 00 06 00 7C 0F 0A 00 CF 0C 
AF 00 06 00 7C 0F 0E 00 8C 43 00 00 10 01 F1 03 
F1 40 32 00 00 00 3C 40 12 12 CD 01 5E 43 B1 13 
7C 2D B1 13 9C 3A B1 13 66 37 B1 13 DE 37 B1 13 
64 34 5C 43 E1 03 10 01 B1 00 06 00 7C 40 20 00 
CD 01 7E 40 05 00 B1 13 1A 2E F1 B0 20 00 04 00 
04 24 B1 13 DE 37 5C 43 01 3C 4C 43 A1 00 06 00 
10 01 CC CF 00 00 CE CF 00 00 CD DF 00 00 4E 43 
7E 90 14 00 07 2C CD EF 00 00 03 43 5E 53 7E 90 
14 00 F9 2B CD CF 00 00 10 01 F1 03 DC 03 0F 24 
00 18 CC 43 04 00 00 18 CC 43 00 00 8C 43 0C 00 
81 43 00 00 0D 43 0E 43 0F 43 B1 13 3C 0A E1 03 
10 01 B1 00 06 00 C1 43 00 00 F1 40 30 00 01 00 
C1 43 02 00 C1 43 03 00 7C 40 31 00 CD 01 6E 42 
B1 13 2C 35 A1 00 06 00 10 01 B1 00 04 00 F1 40 
03 00 00 00 F1 40 18 00 01 00 C1 43 02 00 3C 40 
00 01 CD 01 7E 40 03 00 B1 13 7C 2D A1 00 04 00 
10 01 0A 14 B1 00 80 00 CA 0D CD 0C 4E 4A 0F 43 
CC 01 B1 13 C0 31 7C 40 66 00 CD 01 CE 0A B1 13 
2C 35 A1 00 80 00 0A 16 10 01 32 C2 03 43 03 43 
92 53 92 21 1C 42 6C 21 1D 42 6E 21 82 93 92 21 
07 24 92 83 92 21 04 20 03 43 32 D2 03 43 03 43 
10 01 B1 00 04 00 C1 43 00 00 C1 43 01 00 C1 43 
02 00 C1 43 03 00 7C 40 20 00 CD 01 6E 42 B1 13 
2C 35 A1 00 04 00 10 01 2A 14 C9 0E CA 0D C8 0C 
4B 43 09 3C CC 08 7D 43 B1 13 82 3A CA 4C 00 00 
AA 00 01 00 5B 53 4B 99 F5 2B 28 16 10 01 82 43 
40 03 B2 40 00 01 40 03 A2 D2 40 03 B2 40 20 00 
52 03 B2 40 10 00 42 03 A2 D2 40 03 B2 D0 10 00 
40 03 10 01 3F 0C 02 00 7D 0F 04 00 00 18 DD 4F 
08 00 08 00 3E 0F 08 00 7E 0D 04 00 7F 0D 08 00 
7D 0C 10 00 9C 53 00 00 10 01 1F 4C 01 00 1E 4C 
03 00 0E 93 02 20 0F 93 09 24 AD 00 01 00 CD 43 
FF FF 1F 83 0E 73 F9 23 0F 93 F7 23 10 01 0A 14 
0A 43 3A 90 41 00 0B 34 7C 43 B1 13 52 3B 4C 93 
06 24 5C 93 04 24 1A 53 3A 90 41 00 F5 3B 0A 16 
10 01 FC 03 7C 0D 00 00 FC 03 BC 42 00 00 BC 00 
04 00 BC 00 0C 00 7C 0E 00 00 BC 00 24 00 00 18 
CC 43 00 00 10 01 0A 14 B1 13 82 31 B1 13 58 33 
7C 40 7F 00 B1 13 CA 34 4A 43 B1 13 90 33 4C 93 
01 24 5A 43 CC 0A 0A 16 10 01 4C 4C 0C 93 09 24 
1C 83 0C 20 F2 D0 60 00 0D 02 F2 D0 40 00 03 02 
05 3C F2 D0 23 00 0D 02 B1 13 4C 39 10 01 1A 14 
C9 0C 0A 43 3A 90 E9 03 09 34 7C 43 B1 13 52 3B 
4C 99 04 24 1A 53 3A 90 E9 03 F7 3B 19 16 10 01 
92 43 C0 05 B2 D0 00 69 C0 05 B2 D0 40 00 C0 05 
E2 43 C6 05 C2 43 C7 05 82 43 C8 05 92 C3 C0 05 
10 01 2A 14 C9 0E CA 0D C8 0C 4B 43 07 3C 6D 4A 
CC 08 B1 13 82 3A AA 00 01 00 5B 53 4B 99 F7 2B 
28 16 10 01 DC 03 0A 24 9C 42 78 21 00 00 9C 42 
6C 21 02 00 9C 42 6E 21 04 00 04 3C 32 C2 03 43 
03 43 FF 3F 10 01 B1 13 DE 3B 4F 4C 4D 4D 0D 5F 
3D 50 80 5A 82 4D 5C 01 7C 90 10 00 02 20 92 D3 
00 01 B1 13 66 3B 10 01 CB 0C 0F 93 02 20 0E 93 
0A 24 4D 4D AB 00 01 00 CB 4D FF FF 1E 83 0F 73 
F9 23 0E 93 F7 23 10 01 CF 0C 3C 01 04 00 0D 93 
01 20 CE 0C 7C 0E 00 00 8C 4F 36 00 8C 4D 38 00 
1D 43 B1 13 5E 1B 10 01 C2 43 E1 05 F2 40 81 00 
E0 05 E2 D3 E6 05 C2 43 E7 05 82 43 E8 05 D2 C3 
E0 05 10 01 00 18 C2 93 64 21 07 24 3F 40 44 00 
00 18 5F 52 64 21 9F 53 00 00 2C 00 64 21 10 01 
E2 D2 04 02 F2 C2 04 02 F2 F0 EF 00 04 02 D2 D3 
05 02 B1 13 C6 3C B1 13 C0 3C 10 01 D2 C3 02 02 
F2 F0 BF 00 23 02 D2 43 04 02 F2 40 40 00 25 02 
B1 13 4C 3A 10 01 B1 13 0A 3C CF 0C 3F 50 0E 00 
CF 4D 00 00 B1 13 18 3C 3C 50 0C 00 6C 4C 10 01 
F1 03 F1 40 03 00 00 00 7C 40 15 00 CD 01 5E 43 
B1 13 2C 35 E1 03 10 01 02 12 32 C2 03 43 82 4C 
C0 04 82 4D C8 04 1C 42 CA 04 32 41 03 43 10 01 
82 93 72 21 07 24 82 93 84 21 02 20 2C 43 03 3C 
0C 43 01 3C 1C 43 10 01 CF 0C CC 0D CD 0F AD 00 
05 00 1E 4F 01 00 1F 4F 03 00 80 01 C0 31 0A 14 
CA 0C 3C 0A 2E 00 B1 13 FC 3B CC 0A B1 13 FC 3B 
0A 16 10 01 B1 13 58 28 A2 93 0A 1E 02 28 B1 13 
0E 1D B1 13 80 3C F6 3F 03 43 F1 03 D1 43 00 00 
7C 40 34 00 CD 01 5E 43 B1 13 2C 35 E1 03 10 01 
0A 14 1C 43 0D 43 B1 13 94 2B CA 0C B1 13 16 37 
CC 0A 0A 16 10 01 A2 B3 FC 05 FD 27 4C 4C 82 4C 
EE 05 1C 42 EC 05 4C 4C 10 01 1F 42 5C 01 4F C3 
3F 50 00 5A 3F F0 7F FF 82 4F 5C 01 10 01 CF 0C 
CC 0E 1E 4F 10 00 0F 43 0D 43 B1 13 D4 39 10 01 
0A 14 B1 13 FC 34 CA 0C B1 13 9C 3A CC 0A 0A 16 
10 01 3E F0 1F 00 04 24 5D 03 5C 00 1E 83 FC 23 
10 01 B1 13 82 2F B1 13 D4 0B B1 13 40 2B 0C 43 
10 01 CE 0D CD 0C 4E 4E 1C 42 CC 05 B1 13 04 38 
10 01 CE 0D CD 0C 4E 4E 1C 42 CE 05 B1 13 6E 39 
10 01 1F 42 5C 01 4F C3 3F 50 80 5A 82 4F 5C 01 
10 01 4C 43 F2 B0 10 00 00 02 01 24 5C 43 10 01 
DC 03 04 24 32 C2 03 43 03 43 FF 3F 10 01 2E 43 
CF 0C 3F 50 1C 00 6E BF FB 27 10 01 1E 43 CF 0C 
3F 50 1C 00 6E BF FB 27 10 01 FC F0 EF 00 00 00 
CC DD 00 00 10 01 4D 4D 3C 50 20 00 8C 4D 00 00 
10 01 CD 0C 1C 42 CE 05 B1 13 82 3A 10 01 4C 43 
F2 B2 00 02 01 20 5C 43 10 01 0D 43 3E 40 88 18 
B1 13 F8 3C 10 01 C2 43 62 21 B1 13 48 19 10 01 
3C 40 00 18 B1 13 B4 3C 10 01 1C 42 8E 21 1D 42 
90 21 10 01 03 43 32 D0 58 00 03 43 10 01 32 C2 
03 43 03 43 FF 3F 03 43 32 C2 03 43 03 43 FF 3F 
03 43 1C 42 9E 01 4C 4C 10 01 00 18 CC 43 10 00 
10 01 03 43 FF 3F 03 43 0C 43 0D 43 10 01 E2 C2 
02 02 10 01 E2 D2 02 02 10 01 D2 D3 03 02 10 01 
D2 C3 03 02 10 01 82 43 5C 01 10 01 92 43 76 21 
10 01 92 53 84 21 10 01 1C 43 10 01 4C 43 10 01 
7C 43 10 01 7C 43 10 01 10 01 10 01 10 01 10 01 
10 01 10 01 10 01 
q
